10000
864 394 7
41 265 9
497 414 5
991 488 6
597 913 4
516 142 5
143 773 2
633 818 5
931 545 10
923 150 5
101 747 2
920 870 6
483 573 2
362 444 6
625 655 4
989 565 8
453 886 9
266 63 9
937 14 2
736 860 7
727 844 1
626 505 6
249 747 6
720 891 2
195 939 10
227 244 3
822 556 8
93 82 6
896 520 8
111 308 9
298 723 2
560 340 9
208 986 10
560 601 5
455 93 10
817 394 6
589 247 5
188 193 3
33 627 5
487 70 2
695 775 3
897 153 1
862 82 9
699 400 9
282 534 4
869 220 10
845 972 7
593 281 8
504 676 6
84 332 10
118 498 10
645 343 4
248 16 5
119 722 4
380 813 3
340 436 1
103 801 3
875 714 4
46 836 10
649 931 9
616 696 2
27 127 4
620 850 10
122 400 2
379 853 2
37 620 1
199 984 3
735 126 8
215 744 1
959 695 1
557 435 10
103 855 5
71 226 2
662 308 6
446 184 1
515 478 1
610 103 7
204 266 6
926 749 8
858 923 10
173 714 4
989 785 1
807 692 3
865 165 6
542 256 2
611 943 8
681 179 1
482 697 7
921 582 9
939 318 6
397 857 5
157 574 1
468 759 2
343 756 1
557 287 3
245 780 8
360 624 5
689 367 10
969 913 10
135 732 5
397 766 7
848 666 2
1 608 4
715 342 3
245 228 8
387 727 10
895 424 1
411 892 10
428 790 1
169 456 2
265 718 3
457 540 8
929 574 10
773 0 1
506 333 5
857 478 1
828 842 7
192 561 2
857 742 3
15 411 7
323 3 4
14 734 1
842 691 9
626 100 4
121 622 4
894 309 5
705 186 2
487 874 7
642 83 1
281 935 8
819 811 2
882 262 3
669 533 6
117 892 3
285 871 1
43 41 4
697 265 9
322 969 6
960 581 1
866 767 10
671 506 8
655 445 6
892 550 3
212 384 10
298 9 3
154 277 6
345 808 6
735 95 6
798 635 1
42 276 3
153 597 5
369 404 9
132 300 2
489 748 4
956 49 5
183 877 9
746 72 5
412 855 6
306 424 2
101 574 8
485 345 6
127 490 2
716 509 7
38 309 6
752 703 3
941 170 10
384 825 2
67 827 2
202 767 4
62 394 1
100 403 9
531 296 8
942 500 10
731 695 4
433 85 6
225 267 10
795 170 7
196 367 2
65 841 1
924 538 8
770 693 4
121 509 7
262 212 1
970 816 4
638 149 2
202 469 7
370 559 3
107 610 8
151 577 7
653 696 7
898 533 8
695 939 6
853 510 8
650 686 4
555 624 4
9 348 6
837 329 1
537 151 5
617 802 3
862 388 10
301 735 8
67 819 2
528 889 1
67 230 3
41 307 1
777 864 8
338 882 3
819 152 8
991 380 9
391 922 9
514 34 10
92 694 9
776 614 2
764 436 4
296 548 10
427 845 8
865 810 7
622 600 4
871 885 1
672 906 1
758 186 5
519 583 5
340 67 8
880 268 5
791 417 7
829 392 1
167 656 3
244 293 6
56 964 1
492 427 3
503 911 10
734 83 3
829 361 7
36 626 8
395 469 1
103 482 3
20 33 10
632 135 6
107 716 9
664 354 4
392 802 8
113 902 1
624 717 8
629 647 6
666 127 10
303 807 3
981 933 7
818 300 2
531 881 4
39 800 7
455 380 4
466 365 2
979 45 1
497 261 1
967 532 10
585 896 4
235 95 9
715 536 7
519 312 2
149 436 10
432 945 2
958 107 7
64 101 7
792 159 1
810 457 7
702 427 1
508 941 6
739 258 2
360 72 2
367 708 1
353 356 3
10 850 4
838 374 2
610 914 3
212 3 4
674 689 2
765 7 5
377 706 1
955 619 4
879 145 3
464 115 8
352 724 5
133 28 4
370 343 8
983 299 5
959 899 9
651 334 3
607 82 2
546 594 5
160 385 3
968 128 4
323 520 4
242 772 3
298 381 7
679 47 3
615 21 7
79 719 2
135 430 5
563 426 3
605 432 5
652 363 2
254 455 6
652 971 9
59 385 7
8 427 6
451 208 6
300 975 8
93 973 3
815 111 5
114 571 10
704 157 8
950 408 3
786 431 7
178 253 8
348 959 9
145 363 8
646 652 2
494 773 4
301 1 8
633 473 1
223 305 2
787 644 5
558 623 3
434 723 8
94 694 8
778 983 4
556 780 7
286 647 1
123 276 1
0 262 7
538 911 10
727 405 8
104 764 5
362 290 4
609 87 1
72 811 5
312 546 6
121 542 4
912 942 3
69 424 5
289 532 3
587 535 4
544 107 7
978 649 9
413 759 5
299 452 6
581 643 3
160 126 2
390 410 10
479 142 9
684 306 6
647 484 7
223 488 8
711 513 6
504 667 1
454 307 3
763 507 1
908 636 4
26 363 8
400 909 1
866 539 2
703 887 2
702 972 7
6 369 1
118 635 1
276 894 5
744 922 4
144 769 10
294 195 2
444 471 6
393 172 6
431 663 7
151 458 3
536 323 3
213 932 3
454 357 7
437 826 8
398 747 4
814 200 8
962 209 10
727 50 7
34 239 2
891 191 6
58 760 3
238 625 5
627 88 9
769 291 6
421 469 1
647 713 9
681 979 9
952 752 7
594 465 8
260 721 8
220 345 5
43 44 1
166 358 1
296 670 1
143 65 7
696 227 10
406 571 4
464 197 6
622 104 10
904 87 6
330 548 8
914 332 5
29 534 1
194 377 2
214 890 9
354 192 4
257 688 5
319 529 7
260 493 6
892 729 4
45 313 9
74 9 8
507 741 8
48 939 7
505 471 8
120 87 2
246 101 3
423 905 4
451 627 2
837 437 9
772 907 7
40 981 3
255 501 4
131 860 5
956 360 6
445 109 9
921 292 10
554 807 4
728 303 8
526 619 8
549 649 5
279 237 1
121 629 2
176 750 7
254 223 5
900 753 1
759 548 9
438 879 1
124 393 5
121 994 10
367 235 9
676 288 4
757 851 4
66 530 5
690 335 4
382 643 8
293 596 3
140 829 1
566 516 6
375 599 1
831 132 7
158 999 3
522 78 3
783 211 8
583 785 4
240 750 3
835 239 7
361 623 10
135 644 8
922 939 2
630 853 1
539 610 6
500 466 5
12 981 4
568 668 3
676 900 8
828 976 8
559 321 2
265 140 10
411 720 4
841 324 5
393 966 1
213 39 6
743 765 4
351 883 8
684 743 4
266 352 3
312 17 6
587 552 1
749 645 3
361 22 8
642 62 1
247 46 1
231 968 6
68 840 1
353 995 7
139 913 4
459 445 3
366 319 3
664 336 7
391 9 7
912 270 9
544 823 8
777 42 10
943 125 7
976 399 3
3 512 3
636 889 9
860 750 3
81 337 4
860 848 3
252 968 1
979 825 3
760 806 9
172 735 2
437 949 10
106 635 8
727 153 10
616 41 5
348 825 7
27 640 1
508 91 6
299 687 3
469 241 9
364 166 7
345 276 8
967 402 1
318 543 5
563 480 1
791 544 10
565 268 1
466 404 2
413 354 8
52 21 5
757 35 5
697 696 10
719 794 5
702 780 4
780 541 9
348 395 5
213 118 10
337 824 4
600 690 9
697 896 6
166 938 3
338 866 1
598 835 1
578 159 6
371 298 5
330 506 7
615 441 3
1 807 3
582 44 8
128 349 1
971 738 8
931 969 5
765 626 4
71 562 7
285 972 3
542 173 2
674 654 3
593 112 9
647 815 9
619 393 7
272 318 5
13 438 5
968 264 9
539 567 6
350 194 7
810 145 1
768 523 3
803 676 10
393 369 8
972 37 9
934 421 10
817 823 4
921 16 6
541 963 3
696 199 6
642 716 8
19 748 4
585 913 4
281 189 7
79 586 8
242 761 8
884 521 2
980 192 3
451 945 2
950 436 7
962 278 5
447 902 6
624 335 2
314 30 8
11 780 5
207 780 7
395 446 7
713 901 1
596 476 6
849 582 3
577 727 5
335 841 1
407 485 9
138 42 2
579 885 6
369 4 2
195 734 2
687 553 8
44 322 1
322 402 3
783 650 5
416 686 3
609 151 7
887 313 9
61 166 3
914 137 8
722 657 1
747 843 9
44 843 9
707 762 7
972 184 6
819 599 2
82 573 3
832 271 4
819 267 6
717 725 5
801 265 9
957 467 3
774 921 8
565 156 1
647 599 3
656 524 1
917 775 6
837 969 2
197 663 8
625 244 8
534 163 6
934 670 3
487 790 9
58 556 2
840 530 6
2 832 2
106 437 10
360 583 8
343 853 7
524 370 2
139 324 1
186 751 3
19 345 10
197 45 7
660 63 5
815 398 1
614 785 3
366 940 2
418 55 8
363 618 10
774 261 5
576 869 8
422 185 1
464 821 5
195 972 7
65 366 2
126 26 6
21 181 7
630 707 1
330 467 9
763 892 8
487 82 1
548 882 7
809 802 5
28 663 9
98 856 2
341 367 2
482 991 1
157 930 9
640 824 5
982 37 1
385 345 3
967 561 3
164 178 3
655 696 4
965 899 10
336 968 1
494 981 7
45 231 4
650 288 6
174 989 4
360 231 3
899 430 8
372 897 10
141 395 10
789 13 3
952 597 1
703 399 3
152 19 1
843 331 9
3 39 1
795 947 2
586 626 3
797 156 7
806 27 7
446 581 6
728 253 3
372 522 4
546 409 2
132 417 10
674 359 2
441 917 7
251 482 7
230 938 7
245 660 8
406 942 10
70 855 5
282 906 9
380 555 1
618 626 8
897 242 5
41 625 6
888 817 7
987 641 2
547 898 1
147 730 7
27 786 7
748 891 7
443 946 2
730 471 10
473 165 3
348 485 7
162 604 5
780 515 2
955 377 6
146 643 6
784 484 9
771 55 4
898 980 5
181 740 10
332 303 7
649 42 5
564 441 1
698 420 5
384 745 4
355 137 3
112 627 6
169 31 7
590 407 8
77 657 2
796 435 9
743 567 3
173 156 4
168 233 1
537 138 8
365 921 10
753 294 6
700 121 7
791 883 5
920 162 6
643 513 6
545 711 3
934 385 9
312 240 7
354 399 8
523 313 7
416 832 2
699 996 3
151 5 10
609 649 9
109 713 4
610 659 10
525 113 5
705 749 10
172 384 2
812 36 1
118 913 6
836 739 8
325 110 8
377 598 5
682 498 4
944 162 9
564 847 2
799 876 9
942 907 3
26 847 3
899 529 7
622 676 4
448 725 7
270 21 10
137 941 7
175 906 8
578 54 7
951 821 2
659 602 7
342 238 9
894 466 1
491 634 2
275 853 9
502 564 7
484 271 3
235 553 6
163 309 10
851 938 3
467 70 2
489 402 10
975 419 9
94 271 8
235 834 2
303 144 6
831 96 3
674 884 1
842 681 3
600 572 4
7 33 7
571 716 10
502 731 2
953 484 9
355 895 6
893 99 1
247 232 8
858 318 5
230 9 8
363 969 9
948 349 2
79 312 10
432 231 6
986 390 3
237 294 4
760 794 8
675 901 6
289 393 10
132 851 2
410 363 9
889 482 4
671 726 6
647 937 6
442 284 6
996 410 5
887 107 8
925 298 2
456 157 6
955 249 3
951 978 6
511 234 2
697 393 7
475 525 8
958 1000 10
848 632 4
691 408 9
318 498 4
322 530 1
94 483 6
403 912 4
840 990 7
49 589 1
416 95 5
205 742 6
182 115 3
816 715 6
28 239 1
8 391 9
4 132 2
841 619 10
957 934 4
83 758 8
202 868 1
532 918 10
866 425 2
549 181 4
232 950 7
391 486 1
446 215 7
999 783 1
630 977 5
29 596 6
720 376 6
693 464 3
610 529 2
257 967 2
731 105 5
24 708 3
635 790 3
388 212 10
999 675 6
206 431 9
512 123 9
108 709 8
127 521 8
481 182 8
560 347 3
426 260 7
80 578 9
343 839 4
464 254 6
492 793 7
24 457 1
565 414 8
229 439 4
259 488 8
144 233 8
290 368 8
613 954 3
992 851 9
700 89 4
307 955 9
646 689 2
968 60 3
351 37 6
890 636 3
784 921 8
399 694 4
421 508 4
171 400 1
805 970 6
908 778 9
192 741 6
187 531 9
729 871 10
596 444 3
648 705 10
505 920 10
951 218 10
451 33 4
499 926 10
863 325 9
748 201 1
44 63 3
248 453 10
229 676 2
882 988 9
435 946 5
906 699 6
505 701 4
167 381 9
863 365 8
400 449 6
866 479 2
150 225 2
769 159 7
973 475 9
215 913 6
721 47 1
415 212 2
874 422 10
583 894 7
553 215 1
983 684 3
543 658 8
316 389 9
550 67 2
619 993 8
770 15 4
429 631 6
319 85 1
785 827 4
628 991 1
602 884 9
376 157 8
264 112 10
457 285 4
391 393 9
949 347 4
843 604 5
958 91 1
158 323 10
577 496 2
978 539 8
445 327 7
746 893 1
119 444 10
680 958 3
779 145 1
121 722 7
253 32 5
270 393 2
352 298 6
630 822 4
762 844 9
554 61 6
527 565 1
165 929 8
839 22 5
339 140 6
101 628 9
427 978 2
257 584 2
533 76 10
131 496 1
532 860 4
355 99 9
856 724 4
181 710 4
408 206 10
715 763 8
356 161 5
738 996 6
997 560 4
221 476 6
131 283 9
680 794 1
85 676 6
315 893 6
35 86 10
14 299 2
170 728 5
206 525 9
354 885 8
91 424 9
544 851 7
125 82 10
474 331 3
303 246 7
689 715 5
32 23 1
653 865 5
78 891 6
324 560 5
49 802 4
869 909 9
143 265 10
57 804 7
428 287 10
230 259 6
932 827 9
501 910 8
725 125 7
383 173 9
52 236 8
392 31 4
83 315 2
844 187 3
983 448 1
914 771 6
538 423 2
539 252 8
288 274 7
441 482 1
168 726 9
365 207 4
154 226 5
807 148 3
564 256 9
27 185 4
884 840 7
947 904 3
249 776 9
131 902 10
697 172 4
536 792 5
817 888 1
739 471 4
63 421 3
390 517 7
217 394 9
538 505 2
129 876 2
545 11 2
10 984 4
763 405 8
690 282 7
996 353 7
264 743 2
913 780 3
600 248 4
878 46 1
523 828 2
709 456 4
461 727 3
614 641 9
296 13 10
151 359 6
375 849 5
513 657 5
136 23 8
826 751 4
623 406 6
484 308 8
142 486 5
960 828 6
357 873 10
389 405 10
410 712 9
305 690 10
863 240 4
441 221 5
526 171 9
143 827 10
529 774 9
796 933 9
856 846 8
939 349 5
443 308 8
928 666 9
53 808 4
991 263 8
707 70 1
206 611 2
876 262 1
845 894 4
962 917 3
632 177 6
624 831 5
9 690 1
21 622 3
851 891 5
985 841 4
402 842 8
756 371 6
89 596 7
800 118 1
786 176 1
608 544 5
361 756 4
891 942 7
201 326 3
814 183 8
673 154 10
605 517 7
600 642 4
927 2 1
446 918 10
32 661 3
514 87 7
317 339 10
193 731 1
347 994 3
323 672 5
497 1000 8
623 934 6
276 917 2
469 823 3
919 110 9
265 572 7
622 458 7
687 162 10
945 429 3
702 672 2
598 791 2
858 190 8
301 702 2
701 782 7
268 282 2
650 364 9
845 548 2
8 41 10
15 997 3
909 125 7
394 802 8
907 27 6
647 839 3
87 719 7
659 593 4
49 214 7
936 941 1
48 613 7
135 573 5
416 414 9
56 760 8
899 555 3
574 964 3
659 212 10
978 172 2
590 480 5
274 258 4
412 701 1
885 651 1
536 792 2
897 10 5
158 791 3
852 779 9
137 960 2
976 340 1
758 840 6
857 148 6
592 769 2
88 381 4
259 461 6
698 496 8
548 539 2
82 323 8
392 795 7
555 491 9
436 531 2
928 224 3
659 409 9
320 151 2
146 159 1
393 660 10
118 680 2
536 274 10
309 360 8
411 605 6
761 685 10
477 524 6
237 795 9
38 742 7
800 1000 6
350 811 9
7 255 10
78 486 2
376 445 10
249 558 1
531 519 2
997 41 10
367 40 6
184 349 5
497 494 7
1 830 4
670 670 8
760 742 6
699 822 3
944 44 8
538 674 3
853 394 5
701 899 10
495 218 1
724 465 10
614 845 3
626 452 6
592 335 7
581 787 3
524 439 7
242 377 7
302 246 4
261 985 4
549 601 6
964 466 4
613 345 10
648 149 6
249 147 5
563 177 9
721 727 10
117 915 8
491 209 3
614 366 10
255 726 2
553 508 4
300 399 5
524 206 6
864 416 6
748 21 1
196 979 4
618 851 3
867 570 8
82 256 9
294 705 8
429 833 6
868 689 7
55 884 2
913 60 6
163 781 5
629 737 9
448 316 9
920 424 8
383 225 2
743 82 2
518 17 10
525 338 10
98 922 10
240 20 1
807 97 5
93 835 10
891 400 3
790 913 10
964 949 10
543 981 4
284 302 3
930 188 10
974 231 3
133 896 4
264 507 5
148 752 10
277 209 2
139 919 7
997 975 3
203 891 10
17 359 9
674 491 3
773 834 5
83 919 10
872 707 5
810 613 4
4 915 3
843 212 10
691 3 7
130 148 8
551 42 9
326 972 4
685 178 8
324 680 8
236 963 5
691 724 4
102 358 8
278 361 9
602 992 5
223 292 9
401 67 3
384 116 10
930 667 2
529 872 3
732 891 8
147 432 5
917 751 9
199 779 3
756 70 5
451 997 6
385 524 1
352 853 7
753 739 7
562 128 9
582 155 1
312 631 8
528 779 10
425 215 8
208 400 2
99 548 7
124 518 8
767 669 3
33 206 4
246 97 10
387 416 2
908 848 9
217 538 4
223 503 2
196 946 2
525 133 10
199 563 10
532 654 10
441 615 7
885 656 5
688 819 8
655 645 10
807 29 6
353 787 4
718 659 1
998 202 8
220 530 4
845 7 3
242 464 8
93 618 5
855 664 5
401 336 5
898 686 2
629 127 8
379 627 10
669 90 4
881 139 7
943 900 4
877 18 8
289 147 9
864 648 6
756 693 3
118 520 6
327 699 2
368 925 4
205 302 9
714 434 7
404 36 3
451 78 5
644 677 3
539 192 10
501 358 3
599 152 10
439 271 4
119 964 3
142 452 9
433 959 3
859 39 5
768 481 10
87 698 6
662 948 2
103 506 4
532 43 1
881 727 10
88 476 5
754 599 5
719 575 7
166 243 2
695 842 10
970 745 9
163 977 8
665 955 4
13 231 3
723 615 3
884 652 3
868 781 10
635 181 2
108 286 2
276 637 8
591 798 5
592 429 1
725 76 3
847 462 1
355 340 5
652 417 7
927 22 5
668 247 4
794 91 10
738 147 4
893 535 4
463 327 1
783 256 7
592 531 9
132 727 6
732 583 9
397 946 4
305 97 8
664 650 5
242 820 5
924 793 5
86 376 3
460 26 7
989 658 8
53 646 5
522 636 7
479 625 10
761 529 4
164 857 1
273 109 7
724 263 4
496 901 8
271 527 7
135 623 8
274 973 3
710 15 4
347 267 2
673 31 7
317 330 10
737 942 4
338 420 3
985 656 2
255 366 8
452 177 6
437 869 7
419 373 10
108 89 9
820 463 3
98 15 9
879 717 7
670 491 4
402 652 2
431 58 5
615 174 5
285 539 2
571 684 6
0 992 3
1 95 6
771 345 8
867 203 4
383 902 10
472 267 9
175 960 8
409 15 2
4 109 6
742 212 5
557 117 9
796 308 2
104 557 10
295 758 1
251 943 2
700 168 8
169 169 8
264 925 3
450 721 10
27 574 7
16 983 2
102 317 2
645 786 7
213 262 7
235 474 10
516 573 6
191 435 1
603 431 10
239 290 6
525 321 8
643 873 8
901 762 5
352 279 3
190 900 4
921 473 6
658 23 6
485 636 5
691 253 1
104 470 9
838 922 3
202 835 7
974 716 10
339 564 3
33 503 7
913 478 8
376 12 4
580 208 2
502 134 2
736 531 9
414 628 5
212 80 7
23 557 8
734 761 6
756 936 1
202 631 5
851 782 7
459 720 9
718 290 2
39 88 6
388 658 7
390 800 4
289 496 7
567 0 7
650 295 8
157 408 7
939 991 7
731 941 10
739 615 5
480 560 6
311 428 10
661 790 3
354 38 7
449 981 8
317 67 4
339 236 7
24 639 6
159 187 8
898 70 2
181 965 10
32 234 3
10 669 9
933 940 7
691 441 3
296 406 8
318 980 9
38 163 8
161 917 2
676 119 8
834 750 5
751 817 5
309 400 1
600 839 5
339 778 8
69 61 5
225 952 8
648 316 9
949 210 7
897 69 7
41 43 2
377 7 5
316 59 1
33 639 1
159 895 10
888 173 8
664 83 10
142 20 9
138 814 2
78 726 2
622 795 2
206 840 2
956 498 7
82 117 8
734 880 8
513 744 3
552 104 3
875 381 7
523 133 2
641 518 1
747 900 9
254 96 7
917 380 9
936 331 9
715 585 9
401 930 5
247 579 2
156 619 7
870 796 6
752 290 6
517 382 1
8 1 3
263 758 4
668 924 3
190 118 8
752 495 3
282 989 5
836 142 1
176 939 6
832 764 6
204 647 2
513 812 8
148 647 5
328 194 2
632 686 4
361 818 7
787 105 5
793 950 7
570 365 1
653 339 4
403 34 7
549 276 3
941 268 1
762 274 2
342 664 7
7 792 5
232 671 3
259 378 9
649 116 3
509 204 10
624 607 2
417 292 1
264 5 1
818 621 3
337 176 7
239 597 9
838 202 1
658 556 4
464 896 9
674 460 10
633 984 6
986 841 6
373 119 1
428 372 3
491 890 4
739 697 7
782 614 1
682 889 4
629 766 8
423 775 7
165 157 7
390 455 4
258 64 3
930 582 1
308 932 3
101 157 5
180 407 5
534 924 7
328 551 7
502 475 2
256 619 6
263 258 5
384 622 9
23 511 9
970 514 4
432 278 7
739 37 1
424 568 2
974 817 5
729 830 1
30 504 7
971 546 6
562 483 9
455 569 8
592 189 10
772 25 10
364 215 5
440 68 4
99 169 10
464 643 3
956 509 6
866 450 3
500 801 5
503 349 9
740 819 4
793 45 6
944 522 5
403 832 9
665 917 10
98 314 3
516 143 3
65 956 6
199 45 1
501 482 2
587 536 1
142 643 8
576 138 10
264 82 5
365 942 3
902 479 6
43 337 2
902 103 10
693 112 5
673 315 10
374 184 1
672 772 8
414 414 4
93 427 5
966 497 7
685 504 7
148 439 4
780 434 4
274 73 3
476 329 6
298 819 8
351 251 3
472 999 3
721 348 4
509 158 2
549 600 10
455 746 6
178 89 6
167 278 6
678 730 2
115 387 6
777 335 5
341 876 1
193 674 5
654 191 3
868 571 3
486 981 4
81 730 9
916 265 2
52 387 2
400 474 8
679 144 3
59 943 2
154 647 2
854 413 10
913 96 5
83 590 10
102 222 5
865 845 7
923 176 9
463 719 5
782 345 3
662 827 7
267 914 3
938 165 2
216 652 9
836 923 6
691 753 8
889 922 2
339 528 7
816 807 5
469 828 1
143 357 3
511 231 4
66 128 8
444 101 6
769 230 2
330 137 4
242 631 9
322 676 8
881 351 10
997 652 8
923 516 5
792 303 1
637 700 10
938 184 5
200 512 9
726 853 2
319 450 3
112 49 8
542 541 9
627 576 9
755 674 7
891 429 6
622 815 6
232 338 8
148 532 1
998 756 8
825 143 1
86 575 1
872 141 2
56 328 5
683 198 2
691 49 4
749 181 6
978 392 9
634 694 6
917 428 4
401 736 1
610 754 4
582 7 8
755 11 7
157 794 4
64 592 3
953 933 6
768 287 5
795 907 8
350 536 7
502 337 5
528 890 5
454 810 9
340 410 6
952 413 5
950 713 1
219 860 8
770 305 7
438 757 3
941 990 3
488 194 3
639 963 4
79 890 5
514 861 9
167 601 3
677 496 2
492 959 4
444 991 3
119 863 1
528 39 2
808 764 2
904 962 10
140 150 10
214 661 6
374 102 2
385 500 3
343 587 9
208 621 4
781 611 10
454 617 5
97 143 7
859 97 4
963 734 3
182 946 5
282 811 6
173 456 6
559 102 2
405 11 1
193 351 7
905 254 6
948 437 10
126 336 2
493 622 8
304 250 7
892 731 1
353 339 3
91 573 5
966 469 1
810 831 10
640 163 3
752 571 10
345 696 8
864 890 2
810 398 5
479 290 1
414 879 1
828 926 8
830 113 3
826 838 5
337 304 10
159 500 8
7 623 6
929 158 7
826 27 5
871 182 10
826 831 3
80 431 9
884 463 9
657 797 3
929 430 6
135 708 9
368 605 3
832 84 2
248 115 4
489 926 4
28 812 7
337 270 6
604 258 8
930 531 1
319 894 8
443 933 4
897 775 8
15 534 10
747 405 6
219 977 10
357 300 3
181 743 5
204 828 2
360 753 7
158 309 5
727 637 3
885 415 1
683 975 2
843 190 7
421 80 2
692 583 4
548 69 4
331 760 8
571 733 10
813 100 3
829 917 3
784 620 10
622 49 8
794 266 4
549 62 8
75 17 1
608 192 3
504 772 4
533 297 10
758 581 2
153 381 9
827 809 1
904 635 6
671 317 9
810 231 10
311 12 10
422 362 2
336 986 5
846 784 6
840 102 5
577 152 6
39 740 1
857 657 10
930 837 7
8 442 4
840 440 10
476 300 1
179 706 10
465 550 2
663 795 1
684 44 2
130 402 7
612 179 4
666 561 2
30 886 1
403 415 5
175 862 7
26 686 6
645 430 9
205 945 9
831 364 10
251 693 1
425 504 9
997 645 1
857 848 4
346 468 3
581 201 4
36 204 2
300 775 6
337 750 5
813 147 3
590 737 7
282 56 7
816 826 2
774 582 8
166 811 7
804 227 7
780 396 3
573 646 8
904 637 6
941 47 10
537 233 4
525 409 8
229 585 2
553 113 3
900 169 5
28 326 2
134 634 9
633 808 3
559 426 5
13 783 6
141 45 9
221 732 8
683 627 5
798 426 1
769 255 10
272 197 6
682 107 5
503 380 5
59 271 2
367 291 4
938 348 4
246 850 4
192 701 7
124 547 5
680 172 6
925 400 1
898 546 1
547 444 2
260 823 4
523 307 2
920 991 2
512 998 7
690 566 6
183 150 2
294 749 5
178 497 5
253 962 9
594 706 4
79 489 4
366 436 5
953 335 2
810 143 8
836 642 6
518 132 2
956 784 8
410 786 8
326 841 10
319 495 3
290 46 7
706 819 2
474 607 3
69 781 2
889 403 4
298 640 2
435 964 10
985 302 9
931 31 10
50 413 7
536 376 4
908 794 4
166 669 2
972 119 9
619 148 5
366 497 9
252 442 3
953 612 10
901 191 6
185 779 1
342 153 2
525 322 10
912 253 2
752 762 9
993 945 2
753 699 8
535 629 8
293 343 10
92 213 1
649 947 7
265 524 6
225 602 6
266 740 2
822 848 8
818 130 1
687 99 8
956 725 5
781 342 5
454 18 6
750 329 4
835 361 6
1000 367 7
206 17 7
988 643 10
551 315 7
812 617 1
558 875 2
321 24 7
146 94 3
51 672 9
298 986 4
771 670 6
248 578 2
782 228 7
325 659 5
21 66 8
281 647 7
218 164 8
11 161 1
170 585 1
94 378 1
683 229 4
508 261 5
579 809 6
754 670 9
321 670 8
948 631 9
847 863 1
249 133 4
986 237 2
143 108 1
614 573 2
604 857 10
444 464 8
404 14 10
780 651 9
640 903 6
720 534 4
129 625 5
567 300 7
609 534 1
469 584 10
253 947 7
270 570 5
755 123 6
587 721 5
986 712 9
273 463 8
105 938 10
835 318 6
704 78 7
886 349 1
828 111 6
852 602 2
570 201 10
689 683 1
959 952 1
18 317 8
112 529 1
511 758 4
280 877 9
308 803 5
205 967 7
617 457 8
314 338 1
776 879 10
794 617 10
793 301 2
349 710 2
157 394 8
268 833 6
285 639 4
726 187 9
991 465 8
265 487 2
85 951 3
566 53 5
368 989 6
368 58 7
686 349 3
994 291 8
45 553 9
310 326 5
776 635 6
76 837 6
849 20 8
851 637 3
367 920 10
301 711 5
502 1 8
161 249 6
989 238 2
895 656 1
389 455 7
662 885 10
855 37 6
26 694 1
470 990 5
217 713 3
476 105 7
575 57 5
107 140 1
10 263 7
537 676 10
291 821 2
341 493 10
346 271 6
236 48 9
243 452 9
724 18 7
326 43 9
994 899 4
732 756 2
574 249 1
839 750 9
995 320 3
817 732 4
585 504 9
505 443 3
457 268 3
39 369 5
869 868 6
641 280 4
400 5 1
878 904 2
139 997 10
338 916 10
168 19 1
813 546 3
968 593 3
80 142 3
560 191 7
398 19 6
295 352 10
782 16 4
602 941 1
376 793 6
350 88 10
692 701 6
374 66 7
192 369 10
258 819 3
217 856 9
189 614 3
961 842 9
802 946 2
326 595 10
573 640 10
98 631 3
366 261 8
268 457 3
404 428 6
99 324 3
265 876 3
344 458 2
383 815 6
274 890 6
838 152 7
990 211 4
161 596 8
608 437 10
720 250 1
374 139 1
451 418 10
828 96 1
397 296 10
706 204 7
3 891 10
234 413 10
965 496 8
614 435 7
951 414 1
317 180 3
883 850 6
124 516 10
460 162 10
888 399 4
735 128 5
18 976 8
807 789 6
491 885 6
520 773 4
319 581 1
502 712 3
277 211 6
15 883 5
638 441 4
932 6 4
872 815 10
396 136 5
739 969 10
821 567 4
789 128 7
578 844 8
369 914 8
627 735 3
31 762 10
405 673 7
353 317 3
297 980 8
266 406 10
246 814 8
827 953 4
709 187 8
780 964 8
38 754 7
207 539 5
706 884 7
106 316 5
166 154 4
314 133 3
355 214 10
607 818 3
61 107 3
957 258 10
293 290 3
62 285 10
967 855 6
110 423 5
342 730 10
574 537 5
871 110 9
960 570 1
30 349 7
621 495 6
911 685 10
820 234 2
435 431 2
606 893 5
891 786 9
352 909 3
41 9 3
395 843 6
830 28 6
829 342 9
606 999 10
408 552 2
107 632 9
197 216 6
657 568 7
147 42 2
941 33 6
212 901 7
583 711 2
421 212 6
92 105 3
279 241 3
220 934 7
445 203 4
11 983 9
287 428 4
984 521 2
831 771 10
371 871 6
257 521 4
510 593 4
579 52 10
927 676 2
271 442 2
800 38 2
335 338 2
636 289 2
246 895 5
807 584 2
99 400 8
152 928 6
230 133 4
141 40 10
55 478 8
560 565 4
434 889 4
222 638 2
340 178 5
104 459 8
206 964 8
268 804 8
195 824 8
685 163 10
219 852 10
413 359 7
268 399 3
134 742 10
554 501 2
817 240 10
925 353 10
283 7 5
456 890 4
404 230 5
593 322 1
368 834 1
436 949 1
585 813 9
809 22 1
54 416 10
307 463 6
659 26 9
391 108 7
280 814 1
819 347 1
63 357 2
635 706 1
897 645 9
645 100 10
772 553 1
217 606 10
421 847 5
103 110 3
124 883 3
567 244 4
494 940 10
935 266 7
209 52 9
542 499 2
892 233 3
403 707 8
67 252 4
894 783 2
159 444 8
430 262 10
831 196 9
37 565 7
158 717 8
759 586 3
49 897 5
395 596 8
682 467 10
760 822 7
340 791 9
236 862 2
306 881 9
513 243 6
946 845 5
245 883 9
444 278 5
806 389 6
761 327 4
863 97 5
306 199 2
248 418 9
167 323 4
428 812 8
887 868 4
281 535 6
401 883 2
599 974 8
450 695 2
170 654 2
827 536 5
271 8 7
402 203 1
618 166 1
425 435 6
916 437 7
41 273 8
677 975 10
604 14 2
36 154 10
572 242 3
921 880 6
435 143 9
298 956 8
252 653 2
275 150 10
198 252 3
13 916 1
452 282 5
745 538 1
390 477 10
993 789 3
39 171 1
534 409 6
93 884 6
26 975 8
737 521 4
265 386 1
443 880 8
981 500 3
854 221 2
880 555 9
96 536 4
643 788 9
945 409 6
283 236 10
60 326 5
918 88 10
599 855 3
110 470 1
489 362 5
445 925 3
38 730 9
180 872 3
440 767 4
307 619 9
592 52 1
235 24 10
787 879 6
831 263 8
831 976 10
288 285 9
338 383 3
68 658 8
549 116 2
157 168 6
424 222 9
257 741 6
641 362 5
519 895 1
532 823 2
964 672 7
677 954 2
589 845 7
470 809 2
765 102 8
856 642 3
391 752 3
418 888 9
981 34 6
435 285 5
144 85 10
454 559 6
935 819 10
193 573 1
853 225 8
755 740 9
418 139 9
552 34 4
949 290 9
210 271 1
525 375 5
393 134 1
197 639 5
852 211 8
301 3 1
438 446 9
707 969 1
709 170 2
375 429 4
895 783 5
787 411 9
362 578 3
741 93 6
220 680 1
995 402 7
285 337 4
516 732 4
581 600 10
37 800 8
803 252 4
287 164 3
462 237 1
80 237 7
406 432 1
149 629 5
727 827 5
671 45 10
208 305 8
391 115 10
689 822 6
91 681 8
372 229 10
595 45 2
366 674 8
878 195 5
296 758 2
790 3 2
878 686 10
445 892 4
507 209 8
841 571 7
531 484 3
158 4 9
465 75 7
641 899 6
976 750 3
82 580 10
348 466 10
197 730 8
693 814 7
52 161 5
298 551 5
864 684 7
951 797 10
1 671 8
70 483 5
738 478 9
375 958 8
634 71 5
215 770 7
474 360 8
661 148 8
909 369 2
263 663 10
214 601 3
681 538 5
671 83 3
747 4 9
598 747 9
973 466 9
494 284 3
5 845 7
360 309 7
48 718 1
47 254 7
788 991 2
47 991 7
481 611 4
119 273 1
177 485 10
48 68 1
257 973 3
448 780 3
913 833 4
244 656 4
929 552 1
62 820 8
500 339 3
661 73 1
895 674 10
49 918 1
652 233 7
786 788 5
803 9 8
267 819 2
568 153 2
379 742 6
644 534 4
867 546 10
898 821 10
803 216 9
527 983 5
536 253 3
189 362 2
103 292 7
897 433 9
260 542 3
113 380 7
123 839 3
834 50 7
963 572 1
579 278 10
1000 750 6
241 770 1
56 959 1
22 239 6
114 645 2
291 262 8
59 998 2
433 239 5
277 923 10
614 999 2
914 138 9
120 379 6
942 807 5
939 374 1
64 418 5
964 818 6
286 888 1
141 501 6
225 209 2
434 355 9
677 74 3
180 652 10
238 860 9
90 293 9
779 793 7
59 641 6
220 472 10
578 206 8
517 104 8
990 968 4
359 998 10
320 349 10
633 921 1
832 918 7
770 907 2
323 398 7
382 244 3
871 909 6
957 384 7
724 572 5
727 839 4
811 212 2
819 385 4
187 197 1
345 827 7
666 64 2
805 619 9
633 47 6
156 168 6
472 425 6
307 956 5
990 329 7
756 175 8
693 141 8
142 419 9
644 360 6
124 30 3
712 365 6
680 208 2
729 939 5
371 629 1
96 715 8
893 650 9
895 654 10
235 16 8
487 67 4
77 209 4
937 663 10
202 364 6
7 304 5
870 694 1
347 632 1
352 168 7
80 750 7
942 562 3
675 466 8
549 686 6
13 383 1
84 476 8
724 7 4
539 59 2
943 387 2
419 130 8
588 580 5
586 395 1
890 881 9
32 586 4
950 170 10
181 473 3
463 195 1
517 785 1
952 521 8
901 496 7
274 858 8
346 629 10
557 668 2
778 174 10
688 667 1
458 496 8
273 434 4
781 813 1
32 750 6
391 497 4
620 601 1
547 642 4
997 580 6
899 198 3
804 301 9
549 717 3
447 891 10
937 108 5
392 222 2
631 954 6
840 406 3
790 826 7
827 548 8
906 106 5
432 365 6
919 862 7
364 837 7
687 267 1
213 947 8
375 219 2
324 12 7
881 944 7
208 600 7
254 957 7
325 118 1
212 650 5
76 219 5
954 87 4
163 241 10
712 792 7
652 333 5
921 834 3
246 664 9
505 7 3
497 656 10
67 3 5
863 453 5
202 527 9
143 643 6
312 139 3
792 331 7
990 725 5
358 461 8
871 424 3
608 464 4
270 782 7
667 983 7
502 63 6
914 810 8
351 640 1
331 506 6
656 647 8
924 68 2
851 766 9
290 665 5
638 446 6
906 670 8
114 354 8
996 661 7
559 33 7
554 359 1
362 792 1
973 606 8
967 516 10
435 225 1
992 312 9
819 549 4
619 551 4
701 117 9
414 120 9
54 268 6
347 52 8
701 746 3
520 602 1
612 667 10
624 416 5
493 278 10
752 545 4
300 166 4
947 205 8
757 248 4
784 277 6
192 943 10
733 333 3
64 807 7
198 779 4
848 628 10
213 854 7
887 167 8
706 308 10
81 928 2
785 731 5
223 29 1
357 89 8
297 319 8
385 282 4
692 572 6
543 946 10
111 927 6
402 378 2
547 792 3
635 486 10
875 600 7
539 358 5
546 152 3
829 981 2
157 95 5
45 708 4
670 517 6
745 398 9
356 973 2
715 759 9
723 599 8
25 792 4
556 823 7
21 422 7
603 565 9
249 107 2
880 345 7
544 313 4
505 472 3
646 659 10
601 293 9
553 480 6
100 855 1
348 776 6
470 154 9
280 52 2
978 462 3
815 846 8
670 908 5
651 522 3
163 606 2
692 246 9
702 727 3
471 38 2
826 529 6
769 343 7
358 232 2
856 420 8
736 618 10
525 909 2
990 586 10
729 607 8
986 310 1
349 551 8
121 674 9
736 306 2
628 807 6
42 930 10
781 185 5
678 895 3
348 842 8
229 388 6
641 969 9
839 13 6
945 346 10
902 457 4
468 426 10
758 800 10
323 440 7
489 195 3
491 52 4
43 507 1
163 106 3
531 216 2
702 124 7
193 541 1
165 386 3
121 431 6
525 778 4
691 468 1
113 112 4
537 107 2
992 575 2
633 81 1
965 958 3
260 959 8
594 537 3
316 673 5
858 584 10
626 228 6
284 780 3
959 749 8
170 337 4
244 129 10
939 403 8
388 61 10
186 623 1
288 100 1
438 34 3
216 934 5
78 681 4
20 590 8
387 447 8
212 280 2
731 361 8
437 339 10
868 17 1
868 117 10
615 481 8
200 709 8
515 7 5
251 42 4
852 769 6
808 738 9
283 770 1
969 400 6
709 212 4
958 193 6
18 639 2
50 90 4
820 362 10
739 108 9
400 279 4
823 191 8
462 469 4
896 930 10
95 789 9
561 186 2
826 349 10
188 74 5
730 768 7
927 310 4
136 963 2
702 249 4
317 258 1
886 109 3
557 511 5
723 137 2
114 777 4
837 633 9
254 227 3
463 202 8
894 845 10
507 105 6
434 557 3
1 419 10
624 130 10
726 134 7
945 377 9
557 203 4
948 367 4
632 511 1
793 423 10
698 860 8
43 553 6
206 322 3
29 333 8
780 74 9
804 912 10
787 412 5
586 550 3
230 680 1
486 118 4
456 297 10
311 963 5
7 720 10
359 276 2
15 608 1
922 479 1
152 87 1
262 318 2
945 64 2
229 827 10
624 35 6
341 618 10
474 24 9
848 689 10
751 499 7
296 875 10
26 244 6
358 848 6
174 429 4
404 53 1
274 908 10
556 218 5
155 610 1
739 411 5
253 19 1
627 182 8
950 609 3
853 229 10
746 834 6
304 670 7
513 713 2
525 487 4
274 270 1
865 374 10
304 916 10
261 238 5
340 537 5
280 900 7
496 114 2
427 201 3
701 843 4
280 881 6
666 967 9
453 661 8
718 633 7
215 793 9
455 869 6
96 754 4
628 489 5
948 601 2
852 937 1
32 956 2
695 712 4
956 567 7
665 963 6
514 97 2
494 302 8
478 902 1
316 555 9
976 886 8
379 635 8
130 680 9
231 651 1
460 580 4
983 255 10
232 694 1
290 112 7
344 989 7
353 145 10
392 467 3
424 161 4
38 382 8
849 673 8
116 700 6
265 611 3
749 723 5
37 983 4
536 299 5
243 83 8
116 975 9
498 765 6
891 184 5
515 106 1
208 226 6
551 902 3
381 824 6
236 317 4
884 655 9
777 920 1
690 387 5
296 396 5
86 641 1
0 951 10
974 841 3
233 910 9
0 552 3
602 832 10
962 295 3
164 598 8
962 38 8
610 907 5
882 567 4
694 733 6
122 819 4
855 225 3
158 286 9
488 313 8
302 197 6
211 138 8
489 805 3
524 227 7
398 283 4
356 664 5
473 694 3
716 442 7
459 418 4
914 629 1
261 582 9
762 51 8
590 885 1
422 636 10
958 178 1
15 611 5
914 180 2
837 32 5
340 989 1
725 306 7
105 388 7
754 338 4
710 943 4
168 889 10
454 843 7
321 843 8
547 754 3
832 582 2
752 796 5
463 634 2
139 805 5
547 254 9
349 787 7
953 586 6
786 69 6
504 14 2
150 139 5
283 903 3
822 933 4
165 357 6
699 513 4
883 976 4
604 46 9
683 199 9
500 856 6
178 404 8
507 208 8
559 393 5
962 232 2
528 745 8
810 424 10
876 749 5
323 88 2
784 154 4
506 546 3
60 470 3
538 764 8
132 26 4
191 201 10
32 348 6
795 492 5
981 807 6
578 343 6
87 309 7
908 75 8
940 632 6
603 358 7
96 764 2
702 16 3
545 578 6
822 909 4
25 81 9
105 674 5
436 393 5
854 329 8
60 782 4
279 716 6
423 807 6
57 84 2
40 320 10
851 137 1
901 937 5
605 792 5
904 830 10
870 818 4
670 528 6
916 566 4
843 211 3
631 458 7
836 836 3
82 270 7
864 335 6
300 651 7
338 907 4
644 876 1
813 776 7
148 322 2
978 135 4
541 131 8
318 599 1
455 985 8
552 150 9
876 397 2
623 869 10
243 839 8
651 426 9
997 335 9
229 45 1
281 626 7
708 147 4
235 657 10
424 884 10
894 515 3
975 149 1
758 247 2
600 4 4
598 117 2
664 42 4
253 157 4
344 416 9
933 418 2
378 603 2
322 659 7
125 523 6
53 76 1
301 304 1
821 905 3
110 382 6
291 175 8
672 436 4
665 754 4
95 125 7
162 509 10
991 528 8
899 552 9
930 182 1
731 912 2
17 492 3
211 901 6
584 52 2
516 534 5
823 131 5
339 435 2
755 891 7
711 4 5
565 949 5
425 622 6
506 721 5
998 55 1
505 736 3
125 676 1
215 256 4
122 643 9
228 951 4
516 302 7
301 822 8
915 738 8
634 989 10
913 428 4
208 694 1
722 221 6
759 170 5
805 222 1
570 445 7
553 347 4
132 300 2
132 60 6
955 51 3
669 68 9
112 113 1
121 150 7
881 971 10
312 31 8
104 195 10
744 623 9
575 12 4
168 8 10
448 270 5
901 609 10
859 982 3
933 865 9
612 402 6
107 170 2
563 148 8
159 10 10
34 304 4
121 266 5
460 496 4
276 905 10
569 447 8
309 991 8
224 609 9
429 108 7
401 205 2
759 372 10
248 901 1
512 695 2
21 734 7
365 205 4
337 446 2
46 887 8
443 893 5
279 398 10
986 285 7
593 158 3
17 70 3
43 325 10
372 542 8
856 446 4
410 62 6
787 694 9
392 673 8
581 614 7
583 259 10
602 112 3
293 175 9
778 595 9
414 263 3
670 588 2
912 318 7
310 768 7
632 2 8
209 536 5
810 207 1
771 621 9
314 99 7
759 769 6
749 391 6
740 622 7
862 215 6
964 919 1
60 104 10
515 717 7
112 424 6
642 224 6
342 991 6
378 150 6
347 86 5
350 821 5
652 288 3
422 598 7
226 623 2
235 922 5
458 641 3
816 291 3
969 282 1
9 244 6
341 961 2
971 711 8
652 60 5
157 963 8
221 233 6
93 108 5
502 479 5
430 813 6
963 593 9
189 93 2
128 413 5
87 864 9
606 726 5
877 534 3
720 951 8
424 901 4
382 280 5
902 859 6
178 265 4
100 298 7
409 346 8
748 97 2
951 861 9
249 169 8
193 595 6
774 272 1
139 808 1
712 978 6
454 292 10
318 718 6
183 672 1
592 303 3
26 450 8
909 877 2
914 447 8
785 84 1
476 688 7
230 282 3
605 489 8
88 663 6
714 971 7
843 553 5
508 484 8
320 581 5
85 117 2
986 77 4
704 434 8
69 911 10
476 858 1
947 554 3
145 784 7
863 574 6
170 953 6
161 249 8
401 173 2
374 163 8
99 974 3
340 795 1
890 707 2
306 319 5
939 178 10
683 954 4
402 483 9
20 275 7
583 114 5
378 552 9
391 295 5
81 459 4
296 485 1
244 826 1
112 22 6
433 146 5
40 105 2
870 315 8
842 314 3
438 260 6
265 428 7
592 831 9
319 591 8
447 243 3
682 465 5
137 99 10
186 132 5
965 799 5
283 108 6
114 4 4
67 590 6
542 46 5
617 667 8
437 918 2
174 263 4
237 612 6
973 184 1
938 53 1
200 896 2
742 703 1
905 949 8
93 313 4
516 364 7
163 886 4
920 720 9
948 711 9
595 942 3
464 393 4
987 860 1
542 782 10
633 437 10
729 504 3
416 624 9
520 974 2
176 588 3
323 965 10
164 627 7
917 846 6
656 631 7
679 427 5
211 414 7
599 426 9
720 960 4
741 471 2
10 701 10
487 539 1
332 344 6
495 649 10
779 917 5
780 588 9
73 62 2
718 302 3
909 279 4
682 89 2
964 584 4
34 310 7
262 86 9
622 966 1
19 754 3
682 239 2
435 134 10
762 623 6
78 211 4
484 798 10
959 93 9
228 879 9
474 896 3
468 617 6
255 142 2
312 497 9
681 728 1
921 412 4
442 844 8
601 128 7
40 573 1
515 253 9
593 374 1
795 134 2
537 108 4
719 721 3
397 380 4
73 418 4
729 780 3
730 238 8
628 420 5
361 161 5
304 717 7
383 244 4
720 203 7
672 642 3
414 998 5
769 934 4
172 859 1
325 680 6
919 683 10
894 955 1
297 192 8
138 661 1
722 169 9
861 214 6
471 955 7
233 541 3
783 185 8
537 630 3
731 21 10
40 412 3
63 852 4
692 582 7
216 488 1
797 412 9
553 127 5
474 51 6
495 874 1
496 140 3
709 960 10
984 361 8
335 674 1
85 202 10
685 755 1
84 965 7
791 278 4
118 345 4
342 819 8
568 401 9
196 236 7
845 72 8
496 854 1
448 201 1
201 232 5
623 528 3
93 496 10
402 400 3
29 944 1
79 828 2
506 611 2
73 209 7
328 280 1
768 621 9
599 796 8
535 557 6
660 100 6
789 265 1
276 61 1
412 357 1
483 579 6
928 190 4
786 755 3
520 839 10
629 168 5
703 449 8
140 221 5
838 191 2
676 227 3
85 276 8
481 353 1
147 200 6
719 252 1
937 19 5
877 191 10
37 448 5
1000 367 10
108 642 7
276 330 7
349 385 6
858 324 4
538 931 5
677 720 8
868 736 4
48 45 5
886 906 6
991 894 3
638 764 10
485 903 5
933 392 4
865 963 1
804 153 9
279 177 7
904 997 5
627 682 5
19 743 6
111 577 6
700 351 9
723 864 6
720 952 10
228 738 9
243 259 1
525 170 6
727 533 4
637 270 6
250 997 7
352 877 9
387 893 6
338 680 7
414 299 4
662 548 2
993 285 2
349 856 8
933 886 3
914 962 9
499 558 2
262 217 3
121 274 6
562 16 6
519 964 1
157 368 8
104 612 4
396 680 4
270 52 1
616 845 6
551 580 5
887 327 1
962 519 10
1 976 10
397 246 8
703 686 8
298 897 3
394 27 4
233 432 2
821 95 5
73 345 3
439 117 2
217 104 3
801 197 4
970 548 6
880 80 9
255 673 5
794 964 4
512 197 5
814 848 2
216 922 10
718 814 8
243 72 10
354 843 1
601 865 5
679 176 4
18 546 8
799 767 10
648 539 6
624 840 4
411 760 3
609 375 9
520 164 8
76 213 8
371 483 10
427 260 3
756 981 1
955 883 8
270 41 2
615 670 1
813 352 9
943 494 7
843 959 10
904 651 8
798 126 4
886 677 1
378 398 5
352 540 10
347 846 3
336 153 2
746 365 2
276 930 6
408 1000 2
880 321 10
144 860 7
517 289 5
366 922 3
577 57 2
198 484 2
321 884 4
260 805 8
172 438 4
566 534 9
465 191 8
718 133 8
492 571 6
700 624 9
781 717 1
215 168 2
721 863 6
387 509 7
637 537 7
36 605 6
147 163 5
653 718 3
596 172 8
794 834 2
608 754 6
842 628 10
229 550 10
413 328 3
594 533 10
455 539 2
407 859 7
299 340 8
576 674 6
395 466 2
874 990 3
509 495 8
180 780 4
759 176 2
645 852 6
131 803 10
528 186 10
662 570 8
227 228 9
417 481 3
963 45 10
542 273 5
512 96 1
503 283 7
40 911 5
489 43 9
853 968 8
773 493 10
542 344 8
433 982 9
282 636 1
896 995 2
89 233 4
221 280 6
671 550 3
556 414 4
249 525 2
23 783 6
13 184 5
411 486 1
148 686 6
826 779 10
126 313 3
392 684 7
678 876 8
480 331 10
962 173 4
908 352 6
633 175 10
416 760 7
341 812 6
865 762 9
834 417 3
453 896 2
667 704 5
392 200 1
969 711 9
784 449 4
313 10 1
829 933 5
631 832 1
874 63 10
997 246 9
339 370 6
805 86 9
790 897 10
854 286 1
999 139 1
815 70 9
341 897 2
812 604 5
979 148 6
804 640 10
927 659 4
608 6 7
558 348 7
764 407 7
473 692 2
539 5 8
266 695 2
367 75 8
961 342 9
404 927 7
103 546 10
0 183 7
945 657 7
353 975 1
58 759 10
162 362 3
809 987 8
297 987 10
494 668 6
795 305 2
372 968 3
505 37 8
805 442 5
378 199 1
381 252 10
910 541 2
210 811 7
868 315 3
30 429 10
381 631 8
182 592 7
303 199 9
676 274 6
653 621 6
384 615 10
718 801 10
429 736 2
386 957 4
36 707 4
502 673 6
519 233 9
766 255 8
771 730 8
981 255 2
136 153 5
791 800 6
131 797 1
999 583 10
727 513 7
169 384 8
892 868 1
263 479 6
645 313 7
943 626 7
534 66 7
480 761 5
254 18 7
300 623 8
931 586 10
494 395 6
744 358 10
828 130 6
315 590 8
146 530 4
314 87 8
143 257 2
168 368 9
720 488 10
41 565 10
188 987 7
648 205 5
9 917 10
358 1 6
880 336 2
658 196 2
556 391 1
961 396 10
294 251 3
871 571 2
354 820 9
214 705 4
671 769 9
422 841 3
447 771 1
281 257 2
2 462 5
282 796 6
41 428 1
634 43 4
622 1 3
88 206 9
657 404 7
713 323 2
103 657 4
323 85 3
183 545 4
721 497 9
625 617 2
442 578 9
237 521 6
919 277 9
391 454 2
579 0 7
894 82 6
814 301 9
757 59 1
380 186 2
252 367 9
851 974 1
770 339 9
962 241 10
229 324 2
888 691 2
56 101 6
511 399 7
509 350 6
646 47 3
459 95 9
349 139 7
350 32 8
943 913 7
625 176 6
477 823 8
245 363 10
637 967 1
692 591 4
791 834 9
77 252 2
621 182 7
451 246 5
628 687 10
110 4 8
812 651 1
16 912 3
709 660 1
807 725 8
137 198 7
150 816 1
209 168 9
732 22 4
999 68 3
550 798 1
203 410 9
826 676 8
710 639 1
728 472 9
409 277 1
785 876 8
721 747 3
497 882 4
75 198 8
31 332 7
867 120 7
186 394 10
744 558 7
319 181 7
565 273 9
844 123 7
858 756 2
358 949 1
795 554 8
303 746 7
582 452 8
364 827 8
517 517 4
27 926 6
235 840 4
315 981 5
441 447 5
288 129 1
247 138 10
509 209 9
997 566 8
918 976 8
56 626 9
483 891 1
18 714 10
103 703 4
589 79 9
247 155 7
582 675 5
804 845 3
650 670 4
265 997 10
930 921 10
470 300 5
150 703 5
231 560 7
211 251 1
520 798 3
888 281 10
368 227 5
937 964 4
871 830 1
536 617 2
504 275 9
222 31 6
387 429 8
568 383 7
725 926 5
286 553 5
867 689 6
590 297 1
751 856 1
374 734 2
384 862 6
906 610 8
801 491 6
568 814 3
161 18 7
604 250 2
779 143 4
309 281 8
611 739 5
231 309 1
531 147 4
613 360 6
853 807 10
205 494 2
648 509 5
207 984 7
419 44 7
62 389 2
474 851 4
659 687 6
999 22 3
453 516 8
694 430 9
36 133 3
819 226 8
771 75 1
70 550 1
955 2 9
332 679 2
370 46 4
481 561 2
592 204 5
315 30 4
981 942 8
652 182 4
948 927 6
994 641 1
63 861 8
324 939 9
385 47 1
931 528 1
952 189 9
73 247 8
695 802 9
566 513 4
60 225 8
11 128 1
922 172 8
911 242 8
97 998 6
695 545 7
663 586 8
777 583 4
253 68 5
751 384 8
401 677 3
295 972 5
884 959 10
268 5 4
834 878 4
236 478 1
91 855 7
330 914 2
508 10 6
461 675 8
50 281 10
693 278 4
177 925 10
861 572 5
258 525 2
977 813 2
417 988 7
541 900 2
790 356 10
271 872 5
439 456 8
418 418 7
259 907 2
921 152 9
543 910 9
627 594 7
829 721 1
325 187 7
884 743 9
730 307 1
714 832 6
695 762 1
30 13 4
375 206 2
211 866 1
221 661 10
601 945 3
354 563 9
285 428 2
710 957 8
896 705 3
903 435 10
7 367 3
600 489 6
7 0 5
215 538 10
560 770 3
730 402 10
485 577 8
207 228 6
494 941 10
371 930 9
441 533 5
936 446 5
290 501 10
96 756 1
4 770 5
398 535 7
196 671 1
385 584 9
672 22 6
508 839 4
371 548 6
667 604 10
63 726 1
227 451 7
508 744 5
289 611 2
923 18 5
92 870 2
242 544 10
331 235 3
502 811 7
785 121 6
844 829 1
95 157 2
875 828 2
979 867 7
496 395 3
327 507 1
545 788 4
316 337 10
836 669 4
173 394 9
604 303 5
106 879 7
534 777 6
83 737 5
383 213 10
699 441 6
94 2 8
710 758 1
249 74 5
689 115 10
258 443 1
258 834 2
718 734 10
385 214 9
984 382 4
155 869 8
71 552 7
766 802 2
515 185 9
864 115 8
215 178 6
882 755 3
613 4 5
446 425 1
196 575 2
875 819 8
883 969 3
949 835 4
470 811 8
12 402 2
891 268 4
903 599 7
192 939 2
103 122 7
918 762 4
967 319 1
118 371 9
225 579 1
399 890 1
141 106 3
708 77 8
916 376 4
991 636 3
709 724 5
835 876 2
875 670 7
328 734 5
666 321 10
561 783 2
926 703 4
194 940 7
419 947 3
611 886 2
760 245 4
299 959 7
295 419 1
810 642 1
402 401 5
953 826 1
818 412 2
6 115 10
20 292 1
19 985 7
966 565 10
575 782 3
499 96 2
586 50 7
210 253 4
832 800 1
74 97 4
794 670 4
925 450 6
551 347 6
744 682 10
10 445 7
388 607 8
426 958 6
842 155 1
222 820 4
411 406 3
761 869 8
784 273 9
554 804 1
426 831 6
193 898 1
424 330 3
118 669 4
761 325 7
691 326 6
187 199 10
254 839 7
111 394 10
574 944 10
253 760 5
8 819 3
601 308 6
330 943 9
344 605 7
994 756 8
975 187 6
87 253 6
691 370 4
813 907 1
334 527 2
383 879 5
580 644 1
86 969 5
138 450 5
885 950 5
862 75 9
79 608 3
966 601 2
67 544 4
609 57 3
575 925 6
705 882 2
77 805 3
773 590 3
851 786 6
137 266 9
485 668 5
250 716 9
776 3 5
219 357 4
391 505 6
261 964 1
609 806 3
271 235 5
912 307 3
253 332 3
574 88 2
511 345 10
87 824 4
683 692 5
164 40 5
15 27 2
314 265 6
436 909 7
138 664 10
706 540 2
608 849 7
460 366 5
584 487 2
907 454 7
919 115 7
107 312 8
271 170 7
617 134 10
417 195 3
165 529 2
235 910 4
375 305 5
813 470 8
933 514 10
42 350 5
301 440 9
511 601 1
288 436 1
198 739 2
246 292 9
999 667 4
927 23 7
950 86 10
543 229 2
269 680 2
593 390 7
900 125 8
88 14 5
810 826 3
366 509 4
217 299 6
197 797 3
151 668 8
217 505 3
156 334 5
702 15 3
267 838 2
645 448 9
547 247 7
954 763 4
458 658 9
58 699 6
108 436 5
581 592 2
950 658 8
358 193 2
189 70 1
444 126 6
606 330 2
700 161 6
307 543 2
858 557 3
351 423 3
904 711 3
43 346 5
790 204 4
923 292 8
5 531 5
544 799 2
637 964 1
212 189 10
979 417 1
133 462 7
453 520 8
807 326 9
686 746 8
494 90 5
66 438 4
798 736 2
85 358 2
393 711 7
883 730 7
193 351 8
43 322 9
136 313 5
587 741 1
968 132 1
872 171 9
281 331 7
617 257 7
734 234 4
339 493 6
181 31 5
151 774 5
228 918 9
797 600 7
934 685 2
430 854 8
451 416 7
90 857 1
216 316 1
235 596 3
185 913 7
175 205 7
910 742 10
867 542 1
931 182 1
916 33 10
718 136 5
285 275 10
994 418 4
78 85 1
307 223 9
539 684 1
683 333 9
64 940 9
330 234 10
552 73 8
495 490 9
903 955 10
730 980 10
448 577 10
474 243 10
826 110 9
980 561 1
608 662 1
57 435 10
938 419 8
211 24 6
4 447 10
212 802 8
599 843 2
585 107 5
895 633 7
131 724 5
195 708 1
767 756 3
443 562 4
712 971 6
691 57 3
407 955 8
403 103 7
817 307 1
278 234 3
389 591 3
329 783 4
521 62 6
410 963 7
28 243 2
381 676 3
500 854 9
101 728 9
794 100 8
534 371 8
667 20 3
873 538 3
935 448 4
716 511 3
437 305 9
63 825 8
168 193 8
73 134 7
587 926 2
229 892 7
781 505 5
666 309 9
124 72 8
434 709 7
194 143 6
950 76 1
267 704 4
322 86 3
954 684 4
516 416 1
962 288 1
785 895 2
791 610 7
890 608 2
389 539 9
560 45 10
68 808 2
196 65 7
736 624 10
755 591 1
906 413 6
601 720 7
673 4 8
549 309 6
482 728 1
971 256 1
303 289 4
180 673 5
993 972 4
572 97 4
655 984 4
458 892 7
844 119 1
522 133 3
99 825 3
397 562 9
679 201 8
984 942 8
201 238 2
310 137 10
799 57 7
281 883 5
539 574 5
562 632 8
406 727 5
563 344 7
681 894 2
763 605 2
862 894 8
69 131 6
375 70 7
716 283 7
184 315 9
311 599 1
534 313 9
154 487 4
856 444 1
929 721 4
296 597 5
951 73 10
463 765 3
711 620 5
85 329 1
169 180 7
351 951 6
10 79 3
666 684 6
732 964 6
903 437 1
371 716 2
855 584 10
358 667 10
350 149 8
110 789 10
567 858 8
135 866 8
387 493 9
316 879 8
981 217 7
323 24 8
984 863 7
151 621 5
851 885 6
218 113 4
130 749 10
423 40 8
692 346 5
338 853 8
978 108 1
789 30 6
661 284 7
701 592 4
397 225 10
719 69 10
100 666 5
906 601 1
851 405 5
727 858 6
415 188 6
385 617 10
730 126 9
778 435 6
264 342 2
633 182 8
895 244 4
100 458 3
3 691 10
189 364 1
757 312 4
165 85 9
753 334 8
630 83 10
598 333 1
40 881 6
117 104 7
491 934 7
591 356 5
616 587 10
829 36 4
650 277 4
681 677 9
1 760 9
506 678 1
781 516 1
911 4 2
180 660 6
471 506 9
96 792 7
163 954 9
800 917 8
190 866 6
476 166 2
900 887 8
832 884 1
477 393 10
80 969 1
790 473 10
852 84 2
585 156 8
160 746 10
35 127 1
442 382 6
125 380 7
509 629 2
61 197 2
890 995 3
468 10 8
427 553 3
610 643 1
747 948 3
713 969 7
112 127 9
547 235 4
611 25 2
680 863 2
929 40 10
334 965 4
373 116 6
131 325 4
602 872 1
702 537 9
501 103 10
134 955 10
335 844 8
156 519 3
947 499 6
138 908 1
705 175 5
355 979 6
250 273 10
423 294 6
638 17 8
825 300 3
696 265 4
892 16 8
786 315 8
8 102 6
744 824 4
890 623 9
245 398 4
671 796 7
956 98 3
881 261 2
289 172 9
876 137 10
755 886 8
422 392 7
953 237 9
863 848 2
744 95 7
327 314 8
425 771 7
355 412 8
407 254 1
119 288 6
536 54 6
310 334 8
79 629 10
129 861 1
625 723 2
403 255 1
303 236 5
102 746 7
429 282 2
798 712 1
231 295 9
23 72 9
604 272 3
230 208 4
293 799 2
85 886 4
474 68 1
503 774 3
774 362 7
973 391 6
897 792 8
139 631 10
7 984 4
842 954 7
222 780 2
284 535 2
618 308 8
694 394 4
389 255 2
830 417 1
65 835 6
343 315 3
854 131 10
29 247 2
300 943 1
234 177 7
990 882 10
427 870 6
658 120 8
610 943 2
677 386 8
758 619 1
970 942 2
991 173 8
712 420 5
223 718 7
318 174 2
101 466 1
296 719 3
836 889 3
395 155 4
715 115 7
153 198 3
498 382 10
639 107 1
779 719 7
26 876 7
872 274 5
978 334 9
829 557 9
90 212 6
754 811 2
355 33 4
513 661 7
773 92 10
669 67 9
78 632 5
37 397 1
591 950 9
404 421 2
354 853 4
672 869 8
794 854 3
36 70 4
560 140 9
275 592 8
235 189 7
489 123 5
832 274 7
989 71 9
826 522 7
380 627 2
100 148 5
808 225 8
909 811 10
695 197 4
511 193 10
206 201 5
443 258 9
557 769 4
261 587 8
636 630 3
678 781 8
253 28 6
77 641 8
941 415 3
479 32 1
451 728 4
228 865 10
553 863 4
717 415 1
865 659 4
483 953 4
522 796 9
705 523 7
655 757 6
538 500 2
36 808 8
901 252 2
205 527 8
130 305 2
599 747 9
569 761 1
975 685 6
41 287 3
936 664 10
880 68 9
320 793 7
536 476 10
627 592 5
74 104 8
366 966 4
813 768 1
100 859 9
387 528 10
194 861 10
340 917 7
863 467 6
272 407 8
790 749 2
443 923 9
744 261 4
195 992 3
157 664 6
992 649 8
959 965 6
784 465 5
306 769 1
453 335 6
907 611 4
367 17 3
222 73 6
436 175 4
82 398 10
333 265 10
354 865 3
895 394 1
581 722 3
805 889 2
45 480 1
965 232 9
814 230 8
901 758 6
939 912 6
445 565 6
334 810 10
792 235 2
287 317 3
3 208 6
996 291 8
140 962 3
907 126 9
727 693 10
517 772 2
157 394 7
401 42 8
678 845 10
306 389 2
182 208 9
362 412 10
993 657 3
730 528 5
383 914 10
846 870 7
536 779 7
266 801 6
671 578 1
418 35 5
605 465 7
938 734 4
135 968 2
767 251 7
132 919 5
578 542 8
756 987 4
273 316 4
941 231 9
370 665 4
46 751 10
308 319 10
503 550 5
563 406 7
363 126 1
759 131 6
824 96 2
222 275 7
609 501 1
654 969 7
993 14 6
95 469 5
196 340 8
407 507 1
260 374 2
937 489 6
619 296 10
881 204 10
227 993 10
64 195 6
265 825 1
225 485 7
878 447 6
535 749 3
506 779 3
77 652 9
710 594 5
704 201 6
332 289 2
421 870 9
88 513 7
238 259 3
138 241 3
97 238 5
990 263 1
574 102 7
290 628 10
806 332 2
67 407 2
920 548 3
678 21 8
630 225 3
979 439 7
293 611 7
446 498 2
140 290 2
870 118 8
450 735 5
470 825 10
332 565 4
813 258 3
487 846 1
837 447 2
911 727 3
233 702 1
508 485 9
672 816 6
358 516 10
750 593 8
796 327 5
227 757 1
771 545 10
339 95 3
453 322 3
638 547 7
464 737 2
664 128 8
150 70 7
285 477 1
849 557 6
517 425 1
523 288 10
679 760 5
846 580 1
577 141 5
686 146 5
459 451 10
508 306 1
505 124 3
177 119 1
824 254 7
38 202 7
728 200 2
513 219 5
1000 547 9
621 557 4
630 752 7
829 697 3
927 753 2
667 122 10
442 595 4
817 319 10
11 100 8
694 592 8
360 628 7
58 44 4
519 123 9
46 843 3
368 347 4
29 999 4
277 149 2
153 363 2
921 833 1
885 11 10
80 280 5
446 584 8
321 146 6
105 983 10
527 216 4
566 651 3
128 822 10
693 909 5
145 151 5
983 754 10
60 194 4
727 177 7
715 658 5
304 570 4
35 157 3
902 202 7
26 592 8
94 436 2
981 723 9
649 44 6
425 988 4
124 98 9
476 133 3
560 441 8
750 278 9
722 847 1
862 610 6
415 609 6
192 363 6
556 420 8
213 467 6
614 409 7
193 149 7
225 243 4
315 809 1
61 439 9
478 105 6
858 47 5
634 215 4
867 230 2
666 280 9
924 17 2
931 60 3
318 407 2
443 237 8
837 820 1
814 176 9
643 694 5
633 596 3
261 240 1
848 560 6
463 31 2
61 601 6
97 887 9
383 511 7
398 260 5
850 390 4
979 577 1
507 139 7
273 883 5
539 880 5
892 728 10
137 394 9
964 992 2
951 601 1
688 844 6
483 299 4
107 461 9
172 703 10
544 148 3
992 822 6
747 345 1
507 491 4
796 76 3
596 224 7
663 715 3
868 505 1
661 409 3
220 925 10
537 74 7
59 567 10
25 173 9
495 312 5
563 561 8
120 642 10
16 25 4
622 354 1
184 975 9
810 585 8
611 75 9
328 327 9
729 969 6
350 832 5
616 376 8
991 570 4
897 689 7
33 342 6
677 426 2
668 866 4
133 656 8
560 899 8
308 790 9
362 556 3
802 37 4
724 777 5
731 826 6
82 873 8
139 986 7
790 515 2
994 197 2
986 524 3
836 72 5
401 787 4
515 537 2
334 809 2
687 8 10
793 167 3
15 130 3
190 299 3
221 586 10
769 41 10
183 334 6
422 524 10
707 745 9
180 772 10
324 529 5
919 148 7
685 467 2
1000 181 5
788 777 3
760 863 6
952 450 5
245 44 8
399 751 1
315 192 9
662 92 10
995 250 6
239 909 3
269 92 6
174 921 10
659 942 10
85 98 2
728 662 9
71 962 10
220 408 4
561 369 2
83 630 9
744 339 9
336 610 7
607 397 4
477 45 2
869 757 2
30 450 10
675 353 2
682 291 2
691 813 2
148 678 4
228 545 1
663 794 8
782 120 4
204 464 4
590 148 4
721 252 4
695 819 3
213 80 4
161 478 2
685 753 9
811 314 8
365 886 3
811 186 3
256 265 10
303 557 5
884 233 3
184 18 1
462 175 8
673 668 3
126 338 6
447 194 2
274 196 3
567 803 8
73 476 10
477 696 5
32 404 6
28 285 4
206 746 2
934 243 3
393 816 8
124 78 10
810 958 7
311 605 9
267 650 10
746 660 10
555 506 7
748 503 10
770 774 3
725 234 8
919 57 2
711 806 10
324 741 3
125 982 7
72 851 8
158 856 7
181 878 1
738 538 4
512 185 2
636 419 3
996 171 6
280 363 7
239 295 3
786 932 9
845 576 10
432 95 4
180 207 9
323 299 1
688 624 7
821 213 5
333 765 10
480 972 3
632 254 9
20 82 9
625 551 7
58 280 6
36 991 1
952 814 8
713 703 7
991 661 7
225 418 10
379 145 7
779 309 6
374 73 6
164 750 2
663 868 6
618 535 4
970 700 7
46 108 4
822 148 7
167 218 2
990 502 4
192 400 3
7 386 9
56 622 1
849 963 2
481 745 3
578 590 8
20 914 3
264 900 8
785 520 5
537 753 4
360 626 7
524 807 2
91 743 10
531 84 7
655 380 9
532 232 1
68 453 7
776 986 8
832 525 5
893 893 10
305 663 3
797 130 1
762 152 3
303 44 6
581 402 7
166 37 3
442 68 10
338 932 9
485 577 6
531 708 3
146 5 8
185 240 1
711 765 6
201 510 9
945 970 10
513 290 10
197 64 4
271 213 3
873 829 9
2 266 2
491 442 10
600 335 9
628 701 4
993 823 1
518 791 5
282 110 5
726 407 1
533 780 7
890 82 3
253 235 3
323 532 7
237 997 7
795 439 6
360 252 5
299 380 3
28 884 2
402 462 4
240 347 10
123 152 6
178 370 10
238 414 4
246 511 1
438 672 1
349 721 9
928 990 1
769 380 2
272 739 1
768 626 1
298 458 8
213 56 6
400 992 9
825 390 2
118 433 2
842 235 3
575 805 7
986 908 4
19 741 10
272 995 2
579 140 5
275 744 3
952 37 2
389 250 2
214 392 8
21 31 7
269 219 2
585 106 10
548 931 5
102 472 7
334 212 9
391 337 1
440 867 1
434 756 9
516 620 10
791 10 1
9 235 5
645 860 4
962 17 5
113 964 4
435 633 4
310 575 6
507 857 7
593 687 6
732 12 1
72 619 5
594 289 7
863 535 3
456 419 7
956 307 10
900 270 1
270 819 6
791 185 6
342 472 6
457 562 7
186 776 8
948 945 6
302 190 4
588 576 8
177 931 7
891 17 1
484 162 4
545 244 8
483 759 10
406 135 7
776 946 2
534 19 9
369 260 9
517 338 3
434 336 4
743 87 8
30 662 2
643 377 1
324 413 2
598 171 2
429 564 7
113 435 7
189 405 2
434 332 10
429 150 6
231 392 9
412 205 2
908 853 4
325 3 8
720 386 7
689 400 9
499 445 3
462 944 6
272 919 3
695 586 9
756 236 3
76 391 3
998 484 3
209 898 5
753 677 7
844 870 3
167 651 1
166 207 2
71 936 5
353 478 3
521 82 8
587 209 7
412 921 7
130 608 9
628 388 2
190 232 8
447 398 1
256 160 7
735 552 8
839 181 2
884 546 9
805 689 5
448 528 7
634 310 3
301 548 7
395 31 5
779 883 9
36 604 9
258 238 1
735 873 8
792 559 2
606 605 10
373 44 9
734 588 3
906 225 4
695 994 7
327 265 1
248 627 9
316 67 4
608 326 3
412 322 2
265 662 5
714 328 2
544 332 1
604 954 9
299 668 8
479 99 8
796 485 1
17 142 7
180 833 2
3 244 7
769 986 7
960 640 9
7 354 10
542 706 9
578 845 9
805 389 3
886 488 1
811 633 4
643 388 10
281 185 7
739 491 1
671 474 8
977 93 1
532 595 6
767 716 3
813 340 6
794 867 8
376 131 7
424 901 3
56 795 7
326 58 10
513 659 8
650 562 8
144 849 2
156 826 7
995 118 6
606 227 1
381 25 2
512 720 9
375 769 9
360 46 9
930 871 7
279 373 10
957 923 7
902 101 2
956 163 6
881 622 6
428 117 7
118 569 2
910 818 5
994 828 3
812 542 7
155 422 4
294 179 2
528 704 5
619 520 1
799 414 7
113 945 4
163 357 2
943 144 4
900 505 6
790 570 8
290 463 5
463 20 1
88 497 5
682 903 10
294 444 10
94 690 6
988 246 4
411 292 7
354 608 6
60 457 8
661 187 6
255 761 5
862 823 6
695 406 6
956 937 5
955 857 5
483 538 8
633 705 6
429 899 2
882 749 1
18 319 4
222 633 9
149 864 3
97 497 9
350 421 10
376 363 6
485 470 5
977 742 6
35 424 1
40 512 6
222 560 9
686 134 7
402 834 3
404 691 5
156 140 4
153 614 4
408 637 9
537 14 2
280 485 7
658 294 4
163 146 1
382 383 5
755 260 2
12 321 2
998 35 1
216 974 3
228 411 2
276 950 10
572 933 3
905 864 7
785 38 9
217 173 8
1 145 6
343 702 7
338 702 8
752 332 6
705 845 9
13 948 9
599 534 4
242 393 3
132 405 1
48 789 10
415 258 8
243 696 1
420 421 8
58 396 4
416 429 1
502 225 3
660 899 2
894 798 2
757 71 6
71 747 1
80 574 3
319 147 8
246 211 4
331 620 6
728 76 5
786 643 10
515 508 2
124 127 7
253 860 5
529 188 5
484 438 4
728 507 10
682 957 8
390 957 1
824 999 3
373 569 10
287 872 2
227 19 5
186 634 10
312 176 4
366 959 5
919 39 2
858 710 8
519 765 1
14 88 9
12 225 3
995 601 1
365 674 3
5 120 10
381 120 9
824 132 9
565 725 6
699 238 1
792 896 1
305 502 8
58 783 1
902 435 9
368 747 7
976 776 3
84 207 9
222 504 3
873 552 2
102 901 8
974 146 1
596 156 4
877 259 5
226 485 10
755 330 5
158 836 2
399 776 1
541 783 8
238 785 1
41 673 7
95 590 10
938 505 9
344 955 10
990 473 6
324 211 1
790 646 1
214 339 6
682 232 9
477 346 6
160 154 10
155 624 6
221 914 7
795 938 6
983 437 6
650 716 6
791 343 1
11 40 7
962 968 10
523 392 9
652 764 9
167 246 4
707 302 4
725 121 10
808 11 8
475 815 5
986 405 5
419 447 7
359 94 9
47 270 5
934 826 2
624 869 7
633 467 6
745 550 9
555 300 9
957 905 7
576 254 2
482 752 2
948 801 5
508 169 3
974 322 5
690 343 10
319 789 10
195 232 10
410 155 4
938 112 1
71 702 10
83 81 3
504 718 5
714 47 10
128 424 3
85 905 10
742 713 5
264 633 10
494 832 4
86 874 10
117 738 7
99 274 3
558 206 7
251 214 10
108 649 8
597 211 10
626 215 9
648 662 2
616 405 10
428 848 2
374 540 2
828 400 1
890 166 3
640 864 2
767 729 1
387 906 8
742 427 9
326 597 3
787 205 2
624 690 7
577 482 10
777 337 7
123 939 10
629 308 6
18 160 2
797 18 5
583 566 6
126 578 9
976 245 2
726 926 8
649 481 8
239 4 9
251 292 6
820 230 6
408 126 4
173 535 9
865 819 10
417 598 2
418 465 1
143 6 3
544 119 9
670 466 10
325 455 5
840 811 1
230 589 7
771 340 5
587 256 9
479 822 9
248 446 7
905 686 5
747 815 7
667 823 10
339 197 2
739 237 8
154 43 4
246 788 7
943 572 4
425 66 1
977 923 7
414 487 3
602 584 7
1000 902 3
625 191 3
747 84 2
50 518 5
567 195 1
299 47 10
806 716 5
945 762 1
299 689 3
785 721 5
750 641 7
577 903 5
6 295 4
973 472 3
656 472 1
391 563 8
113 286 6
35 480 5
992 571 10
788 659 1
188 113 4
470 823 4
817 723 3
317 524 10
417 54 3
281 955 8
850 44 8
432 987 9
306 27 10
262 253 6
907 592 9
524 568 3
869 534 7
179 619 8
745 896 6
744 373 10
574 559 6
761 901 6
596 373 6
155 917 10
779 745 10
64 617 1
770 730 7
866 977 1
450 577 4
724 513 7
392 298 7
248 594 6
676 479 1
576 474 5
98 12 8
796 548 7
725 588 6
727 273 1
409 122 9
400 364 1
957 622 8
339 850 2
519 570 1
276 580 2
733 575 8
27 831 9
574 224 4
370 451 9
54 13 1
838 268 7
422 414 9
652 755 4
313 19 4
160 474 6
493 935 4
409 345 2
213 764 1
950 744 10
58 744 8
234 813 2
343 802 3
144 500 5
799 911 9
368 782 1
116 241 8
444 757 8
639 685 8
47 393 2
458 612 2
806 874 6
788 419 3
778 183 3
705 353 7
826 736 4
97 989 7
308 677 7
827 215 1
950 244 2
27 590 6
867 843 8
940 612 4
984 335 1
271 132 3
675 598 5
699 63 4
284 52 5
835 898 10
265 913 2
597 780 2
384 420 9
511 917 6
605 738 5
719 105 10
167 587 5
964 592 1
161 567 7
825 680 9
242 435 3
978 426 3
632 725 2
588 453 6
951 552 9
587 883 5
175 653 1
721 63 10
618 412 7
801 335 5
783 640 8
367 584 2
350 394 4
201 994 6
715 784 1
873 690 10
381 352 9
202 955 10
252 353 3
714 723 9
388 91 7
496 907 4
407 865 8
890 887 7
719 612 5
41 918 3
932 582 7
866 779 2
583 759 7
932 585 4
181 404 6
509 732 10
29 168 8
552 360 2
330 782 4
38 629 5
735 41 7
269 605 6
555 67 6
92 549 9
880 39 9
876 396 2
412 713 8
536 751 4
970 850 6
686 27 9
659 403 9
739 704 8
536 523 10
584 393 4
37 718 4
56 298 5
533 388 8
341 423 7
116 866 7
465 298 8
858 749 4
6 579 5
414 868 9
215 657 7
66 320 7
924 488 9
10 400 8
807 239 1
681 170 9
543 636 9
619 829 4
537 214 8
300 520 8
249 996 2
196 772 9
743 565 4
752 380 4
872 515 8
553 373 5
670 690 3
92 955 5
898 575 5
294 409 2
494 848 8
617 734 7
923 375 10
581 526 2
661 790 7
624 267 2
927 267 1
739 707 5
750 940 9
103 836 2
231 460 3
794 392 4
383 479 5
355 791 3
498 170 5
790 155 1
610 284 7
728 545 3
39 833 9
397 401 9
19 198 6
895 358 7
393 803 6
279 228 8
330 809 5
590 323 3
822 631 1
4 724 5
974 172 1
121 791 7
584 958 3
793 945 3
607 815 8
117 647 5
195 275 3
743 366 4
556 133 4
591 60 4
389 961 1
269 824 10
457 492 6
381 877 8
487 562 2
314 813 10
101 257 1
681 699 2
547 906 1
49 898 10
758 66 8
334 490 9
799 709 6
483 296 8
589 334 1
992 427 7
48 969 3
745 803 8
638 596 4
974 886 5
557 595 5
194 494 6
357 708 10
774 933 8
424 188 9
865 560 2
700 991 9
417 480 2
591 204 5
617 418 4
121 999 7
589 662 4
471 624 9
823 882 4
594 260 1
704 804 5
417 394 6
865 965 5
3 238 5
409 991 4
734 771 2
366 0 3
449 333 1
534 659 9
718 83 1
749 949 5
805 392 8
811 389 9
449 655 3
119 940 1
629 982 10
426 344 4
571 826 5
368 834 9
948 329 10
453 524 3
50 467 5
228 330 4
490 329 10
880 494 1
842 350 10
502 361 5
627 918 5
455 586 6
544 540 2
94 575 3
639 258 10
748 934 8
279 90 2
184 203 6
183 221 9
897 262 7
197 534 2
754 742 5
478 739 1
537 681 6
176 144 9
667 466 4
252 709 7
22 187 3
257 115 1
564 285 7
27 802 1
35 191 4
200 63 5
513 496 7
19 670 9
656 112 10
365 600 4
160 632 4
79 64 8
955 379 1
383 666 3
433 755 3
869 207 4
886 744 8
1000 887 9
316 673 9
511 940 1
508 835 9
397 572 5
428 201 10
296 962 10
80 895 7
309 19 1
105 16 2
873 150 1
303 180 1
634 228 9
741 147 8
706 899 1
820 821 6
844 783 5
474 253 9
362 958 7
633 334 8
75 655 4
579 978 2
467 42 4
266 734 2
402 965 6
991 531 7
298 585 6
107 625 9
687 539 10
32 643 2
690 858 4
658 509 1
429 620 4
235 986 5
366 45 6
123 29 6
694 170 9
946 998 4
334 981 5
32 252 9
252 761 10
912 510 2
573 476 5
754 640 9
664 334 5
881 576 10
250 35 8
773 803 6
428 475 3
947 496 9
107 245 6
647 890 9
341 976 6
734 873 10
905 431 6
719 953 9
551 69 9
550 306 3
866 375 4
769 507 3
667 877 5
85 148 6
95 282 9
43 15 8
76 816 1
359 653 9
37 814 7
723 553 9
273 31 8
234 701 2
889 645 9
679 15 4
344 957 6
764 164 9
148 763 7
839 36 8
120 944 10
468 614 6
977 920 1
174 738 5
173 536 4
251 633 7
150 203 6
939 623 8
863 924 1
172 977 6
421 981 2
683 127 10
429 377 8
901 562 10
334 101 6
659 32 8
858 378 5
658 514 3
855 292 2
422 107 9
92 591 3
110 703 4
185 647 4
982 605 7
307 957 5
739 3 8
63 202 8
473 31 2
140 883 9
377 584 7
849 287 3
622 516 1
793 321 6
311 949 3
780 299 3
693 559 6
754 658 3
233 662 8
30 460 3
740 258 7
30 580 9
710 418 2
173 687 7
94 946 2
871 991 4
669 425 5
148 699 5
981 727 8
944 890 3
408 207 5
408 909 9
804 988 4
27 835 2
476 373 4
406 445 1
94 971 6
550 207 9
985 219 6
478 228 8
889 74 4
382 647 6
395 449 4
529 774 3
527 100 7
439 319 10
363 452 9
566 235 5
684 986 6
375 211 2
364 634 3
996 74 5
206 107 1
430 537 6
875 736 10
431 177 9
169 276 1
248 517 8
11 414 2
570 241 4
879 750 7
975 756 8
252 173 6
157 144 6
175 393 9
352 357 6
405 161 8
398 130 8
998 344 3
608 893 1
791 39 8
267 240 2
10 613 8
847 948 8
233 991 4
631 133 10
679 195 5
725 737 9
50 397 1
738 905 9
666 538 8
789 882 7
241 731 2
815 857 6
628 327 4
617 196 9
853 469 2
949 107 1
171 570 9
327 534 8
440 876 8
728 679 3
71 307 10
989 283 8
154 987 9
852 139 10
612 896 6
688 292 9
397 518 8
324 954 8
796 553 10
795 937 8
836 177 8
426 601 2
417 638 3
832 621 1
201 660 4
145 252 9
776 470 9
380 188 4
607 778 7
693 393 6
192 927 9
417 613 2
197 875 6
258 589 9
787 392 1
209 49 8
345 315 6
901 640 3
442 278 7
563 168 3
907 954 7
952 628 1
476 695 4
896 700 5
777 634 5
132 210 2
408 205 2
791 945 7
649 908 5
754 905 4
305 554 10
523 391 3
16 481 9
586 432 2
461 164 9
526 144 7
416 806 1
551 688 1
838 293 6
323 671 6
774 94 4
265 885 6
261 163 3
883 654 10
233 148 5
653 1000 8
420 457 3
52 723 6
878 49 6
102 209 10
777 859 1
159 306 1
253 530 10
5 694 2
665 63 3
810 10 8
615 922 3
142 303 5
193 962 6
519 96 10
993 355 1
345 617 2
985 21 6
302 262 8
899 181 3
512 711 5
851 458 2
76 473 6
296 959 3
309 347 2
308 854 6
344 393 1
170 167 10
384 45 5
840 56 7
341 215 7
920 267 4
168 472 4
322 426 1
1 232 7
482 792 4
346 670 4
336 731 5
581 980 5
901 385 5
159 119 9
799 715 7
17 400 5
515 98 2
924 556 10
244 166 6
721 620 6
592 593 10
713 0 7
464 749 2
685 165 8
40 859 4
661 549 4
518 1000 3
745 785 8
378 82 5
612 677 3
485 689 2
584 663 10
899 118 9
552 549 8
765 739 3
538 846 6
782 518 9
320 578 9
393 919 2
851 927 3
360 485 4
417 455 9
46 720 10
34 182 7
170 523 10
421 168 7
65 282 4
149 684 4
727 466 3
509 693 4
41 750 4
669 34 5
40 566 1
372 573 4
699 856 8
530 214 2
834 361 5
206 242 3
98 783 7
363 820 10
864 470 5
849 298 3
802 60 10
912 654 1
891 546 10
65 432 6
464 702 1
869 431 5
407 175 4
461 34 2
708 977 3
644 566 5
506 598 6
456 928 5
72 694 4
584 781 10
555 385 7
758 339 5
681 402 3
416 469 7
700 294 4
679 319 4
723 37 3
880 18 6
896 984 7
564 155 4
917 547 7
910 193 1
109 99 4
123 61 7
268 610 10
143 143 3
609 933 4
365 480 10
562 458 6
462 380 3
674 291 4
380 516 1
656 881 8
221 176 10
413 100 9
39 617 2
104 292 6
568 357 9
83 417 2
637 170 9
970 893 8
275 212 6
921 627 2
972 875 10
447 35 2
457 717 10
507 641 3
430 94 5
613 300 1
169 340 9
784 342 5
589 501 4
619 459 10
201 511 2
75 286 4
770 731 8
816 355 4
95 892 10
333 492 3
343 546 10
195 506 3
347 218 2
218 387 8
914 149 8
266 941 1
29 210 3
249 788 10
333 678 4
859 195 8
297 485 9
779 428 4
908 951 5
242 890 7
84 162 2
879 397 6
82 827 1
985 713 1
864 143 7
295 430 4
524 459 2
93 860 9
166 118 6
249 579 5
902 360 4
692 997 1
399 173 5
467 709 3
427 642 5
86 614 10
300 130 3
860 173 7
45 431 5
595 920 2
412 322 9
540 817 1
295 187 1
795 521 1
573 943 6
299 583 8
492 22 2
512 930 5
818 558 10
595 52 5
501 451 3
879 974 4
13 510 1
952 810 6
675 455 3
120 104 3
839 931 7
141 922 1
419 917 7
253 656 3
372 187 2
649 63 3
613 147 10
299 235 9
791 191 5
954 192 1
2 438 2
582 548 6
208 210 1
561 22 5
651 727 2
332 587 6
95 814 4
333 843 10
519 926 4
259 281 6
726 476 1
576 558 5
377 359 9
249 49 7
856 938 10
54 128 5
929 769 10
491 755 1
804 314 9
78 119 4
505 51 1
630 385 4
321 428 8
385 671 2
459 997 3
573 875 9
951 545 2
30 554 5
644 26 8
758 98 6
100 925 3
984 58 4
37 902 3
71 574 8
593 688 7
467 827 3
332 519 10
209 652 10
582 215 8
903 968 8
893 786 9
208 968 1
5 864 9
951 809 1
244 971 7
20 806 3
33 725 3
297 737 6
906 889 4
58 494 6
799 473 10
634 859 4
523 742 6
322 277 6
147 601 2
951 16 8
49 336 2
961 681 4
998 131 3
617 589 2
563 119 6
291 141 10
283 723 5
846 644 1
872 353 7
804 475 6
157 178 9
939 514 3
433 733 4
250 90 9
598 587 3
484 518 5
93 186 10
25 155 5
508 247 3
969 930 10
915 611 6
862 534 1
240 555 7
556 504 1
705 728 10
8 681 2
228 53 1
369 221 1
881 707 8
49 822 9
704 934 4
263 747 3
341 310 4
450 6 1
581 593 5
458 877 6
384 424 6
257 977 1
106 18 6
494 641 8
188 649 4
99 64 3
261 437 1
115 513 8
287 565 10
628 670 5
225 871 2
684 901 3
682 932 3
637 712 1
163 111 10
92 824 10
927 575 5
532 479 7
994 10 3
235 877 10
800 210 8
844 892 7
632 577 7
256 240 10
758 538 1
661 776 7
386 899 3
646 345 2
252 79 4
375 978 7
139 959 3
119 82 8
54 338 2
499 95 7
568 110 4
102 360 9
995 531 5
650 917 7
683 310 5
967 708 3
42 418 6
114 335 10
338 967 7
204 83 3
360 167 9
616 694 1
805 323 2
972 427 9
558 682 1
405 659 3
900 563 2
772 500 4
679 374 5
9 765 8
975 961 7
32 26 7
618 51 4
870 280 9
848 260 8
293 945 2
215 662 7
123 464 6
171 457 5
67 324 8
994 542 4
574 998 2
287 732 4
92 488 1
41 310 4
930 739 2
384 299 8
121 572 5
782 180 6
63 97 1
504 219 10
871 338 7
247 22 4
241 499 8
774 783 6
532 773 10
189 644 6
244 492 1
683 696 10
343 731 10
706 876 10
55 997 1
788 770 6
919 16 8
683 547 9
925 718 7
516 529 5
772 886 1
73 567 2
618 436 1
538 278 1
14 874 4
43 885 6
25 915 5
504 624 7
992 265 10
29 970 8
764 287 7
538 507 8
415 419 9
918 556 4
319 949 8
365 365 10
179 864 10
357 230 1
120 591 1
352 155 6
548 749 9
747 300 7
735 641 8
458 497 1
647 517 2
838 642 7
24 801 10
545 379 5
341 427 1
50 727 5
828 153 5
910 787 8
861 864 6
209 615 4
587 584 1
13 942 9
807 512 9
362 555 3
670 666 9
463 803 7
732 567 9
538 687 4
158 408 10
844 674 7
724 5 4
429 901 1
789 517 4
791 248 6
744 500 2
967 561 10
919 527 3
548 270 8
503 333 5
441 698 6
128 706 10
773 654 8
335 339 2
936 511 3
148 303 10
714 311 7
175 926 4
208 429 6
740 795 3
852 626 1
13 567 10
765 29 1
393 556 7
787 823 4
457 859 9
95 799 1
430 168 8
378 780 9
517 294 8
689 261 7
634 10 2
979 325 8
157 416 8
821 765 2
125 955 4
123 16 9
115 156 2
834 687 1
247 118 2
89 952 3
904 88 4
556 319 10
819 578 8
591 179 10
600 948 5
191 202 1
716 339 10
682 204 8
363 67 8
467 372 1
539 198 2
217 756 8
752 796 3
117 909 8
521 25 1
114 964 4
94 405 1
144 380 5
900 251 1
122 330 4
211 899 5
595 818 7
637 710 6
802 719 9
228 229 2
837 609 10
624 570 3
301 637 10
462 367 6
759 661 8
874 237 6
699 756 6
384 788 10
817 990 1
743 154 7
659 711 8
371 480 5
92 559 2
970 871 6
763 183 9
746 622 1
775 366 7
358 138 4
723 21 10
544 490 3
967 735 10
443 245 9
579 278 3
49 686 10
894 552 8
487 51 10
652 411 3
549 942 7
121 54 1
889 905 2
699 206 3
584 516 6
284 969 8
751 676 3
685 791 5
903 339 6
216 280 6
93 37 7
519 556 8
470 584 4
946 608 2
488 124 5
476 832 10
253 801 10
795 434 9
373 840 7
584 674 9
283 43 2
336 128 9
691 179 1
78 240 4
555 711 9
762 820 9
481 498 9
102 362 2
339 204 8
92 92 2
649 916 8
684 149 8
302 769 2
824 462 3
892 619 9
266 522 3
704 604 4
839 756 2
42 640 1
316 285 8
240 465 9
637 206 6
752 388 4
436 854 9
615 141 2
599 896 4
653 435 5
211 299 3
161 281 6
109 147 6
994 696 9
430 114 4
944 371 7
191 190 7
908 263 10
750 152 1
882 369 1
266 482 6
839 613 3
735 950 10
217 878 2
717 62 4
24 510 10
864 365 7
495 66 2
106 718 4
98 243 7
851 218 4
758 473 4
8 234 3
12 909 7
167 54 9
363 440 2
370 434 1
419 416 6
331 845 6
737 876 7
381 367 7
711 348 2
882 688 9
572 554 2
630 742 9
984 430 2
243 126 5
78 259 5
195 465 10
140 286 1
583 809 8
827 312 9
883 742 2
106 677 5
94 197 5
248 748 6
600 649 5
675 796 4
926 871 10
710 826 2
543 836 9
461 481 6
133 837 7
111 397 7
686 106 1
798 247 8
332 975 9
293 414 8
879 30 1
853 750 10
33 242 6
336 248 3
905 479 8
760 3 9
991 828 5
844 54 1
863 305 9
141 858 2
441 663 9
859 426 6
414 207 4
271 84 5
443 768 3
653 134 3
909 600 3
256 836 5
740 332 7
943 313 3
108 348 8
194 134 8
480 819 9
904 900 4
659 293 2
676 62 6
912 716 6
991 639 4
990 28 3
719 961 8
743 656 6
913 692 9
462 251 6
89 297 2
984 866 10
299 105 3
851 542 10
747 599 1
503 163 8
460 253 3
650 609 4
942 820 10
179 412 1
578 775 3
948 678 4
470 393 6
818 796 10
697 506 2
523 586 9
340 105 4
476 118 1
766 465 1
150 505 4
73 135 7
828 974 10
601 527 1
177 416 6
926 383 10
702 623 6
758 915 1
908 781 4
765 951 5
153 870 5
162 303 5
450 526 1
26 955 6
419 683 10
60 636 4
954 347 4
331 745 9
561 965 5
73 591 2
149 333 9
980 171 6
591 137 1
272 624 6
948 331 3
876 80 6
105 316 1
686 89 9
669 498 1
369 578 10
103 891 5
408 372 10
980 576 3
105 648 3
712 928 5
275 789 1
656 797 6
733 336 8
570 702 6
520 178 4
812 468 4
376 799 10
26 73 2
64 955 7
574 831 4
642 504 2
413 933 8
234 1 10
405 176 9
853 851 10
379 829 6
661 194 5
880 39 10
662 86 6
493 43 3
262 70 7
790 487 3
598 275 7
149 894 9
956 48 3
900 282 3
974 776 7
13 247 8
593 84 1
584 212 10
174 810 10
549 552 6
925 169 4
24 845 8
570 830 10
473 546 6
601 930 6
937 807 8
67 444 8
818 456 10
843 478 7
973 632 3
893 400 7
34 398 5
36 864 5
209 58 10
317 309 6
953 637 6
945 850 4
253 150 5
577 593 7
65 68 7
189 725 8
271 727 1
566 998 6
11 479 1
811 10 6
378 54 5
135 931 5
845 789 2
278 956 5
330 814 7
450 146 6
234 147 10
528 311 1
788 201 5
417 268 1
336 229 8
801 92 8
127 567 6
932 585 4
148 958 2
348 46 5
600 779 1
707 69 1
903 645 4
207 809 2
129 743 2
628 61 10
580 484 1
550 108 7
913 474 8
85 408 4
453 703 1
642 519 8
335 862 5
450 512 1
906 875 10
373 636 8
490 233 10
641 217 2
305 276 1
350 803 2
342 942 8
930 532 3
167 651 4
793 550 1
407 696 3
268 979 6
518 192 4
727 536 9
83 203 10
210 847 10
147 133 3
133 512 4
399 540 7
536 987 5
944 250 1
967 496 3
357 698 2
429 104 9
616 77 10
647 910 10
332 722 4
531 782 4
688 99 1
38 897 5
420 956 6
96 863 1
23 815 2
856 52 5
352 909 9
616 684 6
258 104 2
820 230 5
271 581 9
52 401 9
136 104 5
731 53 2
656 237 10
137 58 8
68 347 2
357 705 6
56 915 7
78 281 9
397 264 7
103 869 9
905 571 6
357 335 6
395 941 9
696 821 4
710 144 7
466 497 8
882 808 8
866 512 6
894 622 1
870 188 3
144 529 1
560 705 8
849 371 10
429 221 4
775 313 6
304 651 3
501 516 5
328 177 2
980 267 2
34 136 5
583 758 9
151 702 1
29 774 3
859 35 2
43 451 6
43 8 5
273 716 7
49 166 10
760 390 5
81 576 5
75 479 3
820 246 8
266 831 8
687 653 8
118 855 7
186 332 10
728 813 7
204 828 6
648 380 1
972 481 4
531 274 1
100 60 5
85 854 5
539 925 7
768 404 2
934 560 9
926 788 1
22 922 10
950 648 8
31 791 7
762 557 3
637 216 1
86 639 8
238 405 6
285 299 9
882 35 8
183 381 2
765 197 10
988 516 3
368 123 8
691 500 2
514 657 2
689 680 6
269 126 3
997 175 5
243 513 10
42 742 7
545 125 6
655 146 3
353 605 9
363 431 6
2 727 3
809 477 4
40 971 5
727 836 3
175 802 3
908 881 1
229 213 9
938 70 2
718 470 8
979 536 2
590 668 2
577 386 7
591 744 3
670 148 4
595 736 7
566 807 4
8 628 10
464 465 7
851 363 10
392 91 4
547 802 1
321 87 2
330 650 6
857 260 3
67 694 6
38 627 10
437 724 4
437 181 6
261 776 9
900 717 10
585 627 10
183 520 3
254 25 4
235 853 9
202 448 3
359 404 7
828 19 10
113 800 9
72 522 5
284 24 3
479 300 8
8 97 3
70 578 4
80 39 1
111 41 4
44 464 2
454 779 5
766 108 5
986 161 3
967 380 7
33 5 6
219 571 8
798 537 8
287 696 4
107 154 2
319 307 9
871 440 8
583 501 4
307 392 9
610 368 9
524 122 4
469 436 7
929 516 10
298 278 9
285 665 4
842 4 5
196 716 6
347 508 5
194 805 10
988 229 3
429 955 9
319 44 2
701 888 9
18 226 6
430 202 2
388 183 10
657 128 9
884 828 4
285 865 9
428 784 8
446 726 4
782 83 1
824 574 6
602 333 1
842 717 8
904 401 10
290 622 4
999 677 8
717 929 10
619 161 4
616 856 10
373 913 9
185 90 6
566 551 6
393 426 10
470 370 1
91 71 8
668 830 5
203 750 9
911 491 10
567 496 9
660 303 9
740 210 7
74 612 10
223 468 1
229 125 6
335 282 10
649 414 6
205 476 3
92 994 4
753 554 4
472 894 4
255 167 9
834 441 2
230 188 8
95 243 6
642 283 9
30 686 3
761 780 1
186 75 10
59 240 6
467 771 7
702 501 5
190 914 5
481 771 8
505 884 10
197 319 9
533 579 9
657 655 3
639 215 3
285 127 7
361 594 8
447 777 10
998 781 10
566 107 7
287 630 3
403 62 1
269 520 6
181 674 5
593 907 8
902 621 6
341 568 9
424 892 10
866 410 2
789 182 3
726 254 2
746 570 9
692 318 4
66 485 8
11 736 5
166 18 8
545 931 2
153 410 5
616 232 8
378 579 7
317 520 1
43 10 6
122 190 5
788 5 5
33 431 7
3 64 7
540 280 4
679 251 5
970 879 2
75 376 7
541 52 6
236 292 7
6 475 10
325 746 3
99 730 1
899 384 9
678 128 5
3 377 5
610 650 10
807 467 3
923 125 5
618 712 9
146 550 8
304 855 1
114 574 4
440 604 7
586 55 7
650 356 2
360 569 4
562 959 9
794 735 6
159 413 8
216 804 1
850 479 5
973 484 4
309 788 5
176 55 3
173 582 3
897 822 6
927 610 4
318 923 1
460 593 3
645 351 10
48 736 9
523 739 3
433 569 4
464 705 10
933 420 4
900 376 6
624 298 10
402 926 9
893 613 4
786 433 6
58 954 3
178 785 2
414 989 8
242 828 1
721 624 7
739 734 2
624 496 5
184 883 2
477 352 7
676 364 6
105 640 1
538 541 9
458 456 1
93 11 3
985 847 10
70 386 5
808 288 3
287 511 8
872 993 8
384 827 6
582 349 6
526 161 7
77 677 9
480 779 6
491 66 2
242 642 2
949 364 5
897 175 10
201 666 7
78 665 10
957 388 9
14 198 6
168 714 1
955 750 2
707 405 9
810 44 6
80 602 10
163 85 5
622 574 8
995 13 9
618 917 2
170 883 1
217 306 2
685 334 3
909 358 4
43 583 7
674 889 7
101 116 7
921 593 9
844 531 2
62 540 10
543 469 2
364 235 7
752 624 5
525 623 1
916 18 3
388 634 4
864 699 8
922 152 10
330 294 5
709 888 1
16 79 4
600 527 2
439 63 6
110 347 5
340 478 1
570 261 10
341 514 6
348 88 10
905 135 3
704 286 6
973 135 7
926 323 2
760 471 7
156 776 9
379 519 4
738 505 7
857 998 4
701 173 6
815 800 10
753 745 9
505 590 5
91 986 3
244 947 6
229 13 4
534 112 10
526 102 1
753 334 8
592 19 10
975 947 3
981 927 3
508 759 2
599 342 9
75 284 4
527 58 1
758 180 2
209 854 8
163 162 2
128 575 10
111 896 1
795 602 5
784 626 5
223 831 10
205 633 2
129 324 2
718 626 2
886 911 7
69 163 3
526 607 9
74 710 4
153 186 5
819 555 6
647 622 10
203 748 1
327 729 7
972 284 5
508 470 8
396 69 2
143 562 2
240 55 9
712 615 2
93 428 6
106 889 6
488 623 7
672 484 4
713 543 1
734 747 7
463 845 4
309 505 9
475 377 1
399 227 1
814 286 9
172 632 7
433 364 5
963 107 5
284 227 7
375 910 6
777 475 8
253 511 3
434 299 2
468 338 3
909 704 9
778 113 5
870 156 10
806 284 3
348 253 8
949 461 5
106 301 6
30 8 10
30 987 8
345 54 7
947 14 1
54 75 2
737 293 6
51 836 6
704 876 9
55 757 6
245 715 7
940 946 3
369 528 9
803 707 9
858 54 5
716 684 2
362 453 9
72 723 10
467 911 4
348 754 4
430 944 7
883 284 2
865 334 10
467 864 6
647 461 9
609 656 4
927 639 1
447 268 8
370 410 5
247 491 1
274 321 4
981 187 6
157 991 7
320 193 2
453 509 7
489 51 5
773 574 9
213 6 1
313 855 3
308 737 3
735 678 9
156 566 8
522 360 4
607 516 1
135 490 1
1000 571 1
240 810 1
600 675 7
698 571 2
337 657 7
66 323 3
136 666 10
697 889 1
417 594 7
898 900 9
658 912 4
798 658 1
152 554 8
244 995 5
24 863 10
683 340 6
309 534 10
598 250 6
510 180 2
559 42 5
733 940 9
798 580 4
468 450 9
573 133 1
540 790 5
181 809 2
427 460 7
71 885 2
313 139 2
746 650 4
628 300 3
45 627 5
132 944 8
207 728 4
651 775 10
73 440 9
1 745 6
2 546 5
326 999 4
716 915 8
309 733 7
387 658 8
93 702 1
756 619 5
719 964 1
596 913 8
246 733 10
465 883 4
684 377 5
992 508 4
744 619 2
59 46 6
215 52 4
772 430 8
49 82 1
311 147 3
373 718 10
644 809 2
788 110 6
665 746 10
353 688 2
78 559 4
700 886 4
804 445 3
37 289 1
898 453 2
432 926 10
515 17 7
1000 868 3
232 899 6
42 380 2
553 104 4
347 502 6
996 3 3
216 305 9
571 372 9
897 695 5
909 113 6
11 737 8
566 783 5
671 79 5
723 127 6
933 466 1
891 79 7
867 750 3
15 708 6
468 489 9
684 679 5
184 584 10
668 732 1
998 136 6
986 70 6
198 794 9
319 191 2
823 737 6
166 598 3
881 504 10
606 642 3
270 470 5
851 611 8
855 980 7
729 181 7
774 926 10
768 831 7
951 207 2
94 813 9
638 180 1
399 839 5
967 963 4
920 329 8
741 172 1
330 343 4
18 771 9
420 563 9
27 16 10
536 939 4
220 741 1
540 828 7
485 738 5
979 52 2
508 585 1
172 126 9
539 846 8
789 318 1
673 389 6
356 389 5
388 477 4
923 480 4
610 910 5
544 758 7
391 175 2
89 649 1
54 902 9
701 213 10
544 311 2
601 872 4
708 599 3
403 68 5
839 849 4
124 111 7
808 855 9
718 893 1
790 823 3
493 287 10
338 340 7
609 715 10
329 151 10
512 351 3
715 679 1
743 365 10
486 981 5
100 735 3
981 405 4
320 869 9
845 933 3
807 687 1
815 163 9
351 50 5
552 764 7
408 675 10
558 713 5
802 767 8
955 164 8
332 877 8
226 959 4
583 180 2
796 514 1
369 235 5
564 631 3
282 37 7
950 171 3
674 671 7
842 373 8
736 72 7
199 190 5
623 399 8
596 925 9
463 809 3
344 790 7
475 818 6
4 929 10
574 663 9
455 346 9
705 745 6
284 89 2
142 618 6
104 659 5
936 349 3
400 714 3
41 464 5
246 882 7
629 193 9
166 557 5
840 652 3
469 254 2
872 693 6
196 547 4
838 495 7
49 757 1
64 858 4
930 715 1
184 464 9
543 540 7
8 83 3
666 904 4
155 272 6
838 134 2
696 604 3
102 675 1
872 807 4
284 657 4
274 696 7
696 173 5
294 847 5
259 216 1
603 519 8
100 927 1
902 600 6
654 516 2
995 458 1
613 790 9
614 383 4
313 936 3
510 144 1
960 826 4
236 991 4
430 137 6
574 786 1
101 197 10
593 43 6
567 391 5
972 883 1
863 717 10
442 475 2
987 947 2
589 117 1
901 880 10
45 458 4
891 280 8
247 68 3
116 442 8
676 396 8
718 881 2
592 425 5
266 56 4
695 232 5
819 589 10
596 326 8
276 459 2
425 849 5
80 987 5
53 527 4
381 631 1
384 750 8
993 215 6
266 710 5
22 985 2
711 803 6
57 504 7
964 793 1
67 710 2
347 690 9
1 693 1
412 835 6
287 642 4
11 483 6
7 925 6
928 960 10
837 62 2
426 924 2
929 640 9
189 580 10
866 160 8
449 196 9
713 76 8
910 597 6
995 929 5
432 546 10
686 494 6
558 488 6
785 510 9
667 32 6
797 657 9
376 449 2
546 700 3
624 406 9
111 232 9
408 532 5
581 474 10
666 321 2
757 828 4
992 501 2
908 529 5
213 296 3
990 119 10
60 41 6
77 534 10
247 124 6
390 738 4
583 410 1
1 933 1
359 955 1
390 938 9
943 815 1
443 974 3
250 748 1
814 210 2
120 47 6
349 607 5
963 91 7
181 22 4
417 344 6
790 973 5
888 855 4
635 218 7
126 816 10
625 826 10
794 560 5
852 483 2
490 330 4
577 377 4
27 246 2
26 835 3
331 630 9
149 515 3
795 904 8
163 383 9
254 362 3
704 709 10
669 88 6
806 981 10
576 339 3
533 259 4
729 345 7
196 91 7
896 740 6
8 191 10
425 191 1
767 214 1
251 454 3
62 930 10
538 363 6
44 557 10
135 762 9
929 273 1
490 769 6
246 814 6
766 29 9
691 488 1
365 773 5
210 164 1
612 189 5
271 163 3
427 614 8
89 409 10
951 902 3
347 461 9
786 239 6
395 847 9
248 61 7
292 985 6
475 858 2
737 658 9
309 827 9
967 663 5
474 574 6
552 688 5
888 800 5
352 218 6
819 25 8
833 478 6
515 815 4
160 332 9
509 519 10
740 510 6
770 887 4
22 49 4
476 852 7
659 942 7
906 116 2
842 188 6
259 98 3
74 604 1
387 435 9
204 122 1
375 554 1
66 14 4
116 888 10
111 632 8
425 213 4
835 450 9
327 51 9
181 876 5
40 35 1
479 784 10
817 349 8
875 533 5
916 50 10
941 848 10
276 457 6
718 749 4
464 942 8
37 711 2
925 683 9
700 187 1
82 79 10
576 514 4
670 571 3
979 331 1
610 105 4
801 86 6
409 133 9
360 445 8
291 370 1
24 704 1
47 74 9
244 779 2
175 817 3
765 128 9
730 486 7
396 148 4
305 803 2
798 86 9
125 711 3
976 101 9
947 432 9
286 353 1
535 521 8
239 547 9
648 818 9
899 941 8
350 716 3
226 732 1
753 725 10
8 683 7
511 676 3
894 1000 8
328 854 4
581 690 3
72 646 2
459 341 6
396 943 4
767 255 6
446 911 1
709 630 7
4 629 2
595 165 7
434 183 8
217 974 3
690 596 2
156 846 7
834 579 5
126 111 8
490 654 9
104 926 1
721 925 7
984 152 3
820 250 7
456 720 10
706 228 3
608 603 7
298 696 6
916 648 3
470 625 4
542 772 3
735 572 4
64 792 9
171 50 7
780 852 8
312 226 3
286 408 2
573 643 5
384 489 2
86 841 1
81 577 6
569 788 6
54 444 10
572 770 4
520 890 4
842 6 1
713 628 4
48 434 10
391 589 4
206 972 1
924 136 2
381 248 7
891 300 9
914 719 2
23 971 1
116 912 1
414 553 9
541 9 10
299 663 10
293 633 4
150 531 6
213 22 3
228 230 6
311 301 10
609 123 9
396 6 2
355 738 10
211 388 10
160 192 5
904 280 3
287 285 4
923 336 10
513 837 5
603 658 2
457 841 1
231 843 8
783 931 3
718 966 3
380 574 8
184 41 7
918 501 10
630 297 9
176 752 5
185 320 9
793 354 8
839 111 4
672 313 10
317 847 4
952 459 9
37 38 6
928 909 5
396 415 4
867 126 1
758 613 3
103 513 2
501 549 8
91 751 2
283 991 3
310 544 2
60 964 5
744 860 2
161 933 4
666 947 8
837 801 4
805 139 10
355 31 6
460 754 4
496 960 4
748 920 9
510 174 9
212 11 1
25 683 9
852 253 1
255 907 8
795 289 8
195 619 4
377 317 7
913 754 8
12 798 1
525 756 4
689 409 1
967 594 10
896 579 3
663 553 1
170 317 3
751 606 2
428 979 10
668 565 7
844 531 7
160 75 8
228 749 3
48 940 10
380 761 8
94 760 7
55 401 1
470 572 2
436 681 1
21 263 2
394 442 7
738 736 10
702 431 1
849 106 3
447 89 2
637 468 1
870 803 7
578 382 10
48 403 5
198 910 3
238 279 9
46 581 1
994 11 1
327 23 1
442 397 8
447 402 10
817 969 6
720 280 3
298 282 9
217 301 9
828 207 8
991 272 2
118 237 4
647 34 2
847 716 6
56 400 5
312 853 8
288 242 1
588 197 3
828 545 1
578 435 3
497 965 9
329 388 7
875 21 9
46 284 7
6 218 3
714 40 6
300 577 9
276 821 4
207 177 7
313 761 6
783 32 9
520 147 1
589 470 3
134 992 3
407 927 9
424 617 10
645 430 3
641 132 6
430 895 2
212 714 3
990 122 1
169 430 7
544 324 7
791 497 8
733 228 2
787 9 6
455 166 7
394 196 8
338 390 10
714 218 10
541 55 7
847 693 7
589 954 7
778 991 6
562 663 2
389 883 9
895 866 1
3 402 3
93 77 7
36 679 9
781 221 9
822 130 4
361 724 8
864 465 7
496 342 5
637 892 6
59 643 4
91 774 3
389 392 8
187 35 2
164 905 5
512 376 1
723 710 3
221 290 1
270 361 6
291 793 3
100 457 10
112 219 3
282 97 8
377 922 7
528 615 1
918 256 3
108 702 2
352 295 8
661 393 5
398 825 4
387 638 4
798 24 4
98 108 6
589 231 4
947 702 9
667 205 6
144 261 2
649 664 9
881 220 1
416 796 7
37 33 7
188 813 2
745 972 7
252 705 6
407 511 5
871 796 9
614 535 8
915 787 4
438 299 4
24 280 1
921 804 4
959 731 1
687 555 1
766 880 6
780 927 1
22 99 10
919 825 8
887 157 5
176 213 7
515 704 9
834 768 2
294 783 5
756 827 10
285 602 4
7 596 10
804 666 9
72 849 7
405 684 9
932 643 8
136 598 1
25 54 7
949 186 7
636 453 5
543 5 7
184 784 1
529 763 3
460 978 5
982 534 5
764 325 2
490 804 9
882 467 8
273 270 6
903 265 1
365 364 8
319 522 5
674 242 8
989 151 2
259 525 10
125 187 8
33 220 7
280 281 10
349 396 2
76 356 8
486 307 8
280 555 4
994 788 9
514 187 4
336 59 4
844 643 1
919 824 2
998 560 1
477 271 8
451 978 10
966 999 7
706 829 3
254 799 4
289 281 2
464 142 5
310 762 7
89 146 7
456 90 8
176 520 8
82 603 1
582 366 6
794 499 9
369 843 9
551 675 5
940 527 3
320 571 8
640 239 10
515 642 5
748 172 4
983 958 5
875 469 8
490 559 2
333 927 9
214 719 1
721 200 9
115 780 1
571 842 5
596 801 9
988 480 2
592 796 1
631 152 8
645 598 3
820 417 6
962 976 10
114 348 5
835 376 1
307 495 7
256 447 10
86 829 5
633 955 6
961 52 5
80 198 9
9 228 4
234 926 6
312 848 7
47 409 1
322 572 7
670 611 3
975 975 10
49 700 3
346 986 6
852 20 2
998 852 9
513 98 9
108 200 3
126 602 4
739 151 9
384 953 7
241 140 10
915 341 5
656 275 10
499 560 2
123 360 6
161 163 7
776 171 4
339 462 2
597 847 6
320 405 5
669 139 5
899 391 1
85 552 1
528 498 2
456 16 10
489 591 6
71 139 5
414 130 9
861 896 5
422 66 3
891 775 3
903 838 6
182 741 6
491 466 5
523 85 2
166 121 2
47 722 7
912 111 2
124 517 5
214 880 10
376 372 6
330 194 4
304 658 5
681 583 9
378 649 10
647 759 1
934 517 8
974 960 9
691 190 6
368 563 5
324 413 2
994 0 6
554 758 9
162 974 7
893 998 8
96 117 5
293 546 10
706 291 9
523 347 1
918 195 4
162 255 1
835 944 6
796 84 5
484 343 9
718 253 3
918 334 3
168 589 4
208 84 4
931 159 7
723 849 3
977 859 1
703 959 8
982 772 9
231 620 3
747 818 9
385 129 4
571 472 9
216 547 8
892 736 6
933 691 4
895 683 3
168 575 4
908 72 5
962 789 6
459 360 5
719 807 2
63 973 2
243 92 2
904 280 10
961 608 8
378 346 4
845 942 2
409 378 3
638 228 8
863 805 4
641 8 3
554 206 10
849 31 10
964 196 9
304 180 5
151 524 8
207 561 10
846 994 4
374 47 6
967 530 9
265 182 7
220 884 6
289 843 2
64 294 10
851 597 2
764 917 10
950 337 1
963 991 1
474 53 8
55 293 9
270 134 6
213 826 1
440 430 2
209 262 9
837 305 4
798 84 10
731 553 3
553 162 8
653 226 10
51 688 7
122 644 1
50 195 6
164 337 9
635 685 4
436 228 3
747 205 5
481 864 10
965 36 8
48 193 10
408 430 2
922 92 9
808 876 5
41 18 7
171 56 9
617 912 8
350 907 8
328 129 8
440 14 2
141 690 9
965 994 6
154 632 4
494 73 6
912 794 1
454 395 10
803 986 8
989 731 8
845 200 7
878 593 4
181 40 6
112 164 5
45 954 2
164 897 1
492 203 10
829 574 5
967 976 7
953 921 8
318 555 4
409 92 6
40 961 7
855 748 8
539 775 1
537 517 6
125 182 4
510 370 10
740 790 10
611 422 2
855 4 3
727 669 3
547 401 4
529 607 3
843 716 9
701 478 2
952 491 8
317 896 4
1 504 5
100 131 3
940 178 2
489 479 5
792 318 1
643 938 10
581 388 4
38 101 9
840 139 7
243 225 10
78 67 2
351 107 8
762 544 7
730 272 3
80 788 8
404 276 9
16 3 4
194 564 6
32 844 6
480 214 2
169 833 4
483 977 4
891 263 2
756 914 2
76 48 3
518 206 7
206 585 2
126 89 9
308 402 3
948 102 4
796 681 6
556 661 6
388 727 9
398 17 2
845 843 3
393 51 3
451 501 2
782 329 3
124 373 4
696 681 5
733 304 2
227 893 2
306 624 9
718 837 1
935 649 8
359 244 10
6 166 7
209 608 6
189 352 8
595 448 1
806 990 4
356 70 3
87 431 1
855 932 6
240 664 6
716 248 1
475 518 5
492 570 5
321 33 10
46 565 4
279 707 5
320 345 10
895 894 2
868 972 4
686 5 6
205 742 10
52 362 1
444 330 8
210 658 2
190 73 9
730 275 3
557 208 7
162 85 8
272 480 3
444 419 1
92 475 1
246 861 3
520 492 8
245 414 9
585 195 9
407 225 5
516 855 6
163 14 7
992 931 3
236 905 5
547 770 2
297 973 10
575 82 5
29 490 8
891 988 5
578 619 7
947 880 7
178 61 4
594 692 7
882 213 5
48 887 1
712 348 6
134 618 5
173 895 4
803 902 5
264 467 6
703 417 7
286 182 9
382 59 10
72 116 6
973 939 4
673 511 9
466 68 2
764 617 10
203 711 6
663 87 9
139 282 2
468 377 1
845 702 1
756 886 4
502 771 3
514 936 4
652 107 8
737 471 3
82 718 4
889 450 10
296 896 10
346 707 10
790 627 8
75 640 10
430 764 2
199 101 2
624 870 9
22 356 7
940 987 10
801 168 1
457 26 8
951 631 6
418 333 2
708 415 5
830 303 8
589 755 6
893 587 8
520 747 6
803 194 7
884 361 5
873 708 2
843 899 6
919 962 4
148 460 9
542 94 10
276 211 10
88 323 1
453 316 4
881 920 4
512 560 6
782 262 8
199 491 2
440 545 6
888 727 5
181 525 3
276 266 3
975 80 9
269 66 7
980 609 6
965 245 2
236 56 2
788 971 10
42 794 6
464 350 4
593 742 2
381 719 7
754 682 1
936 479 3
892 678 8
613 932 8
435 773 6
945 856 7
131 755 3
373 432 1
682 249 1
194 668 1
128 747 3
923 211 2
630 965 4
564 495 4
244 631 10
916 71 4
731 96 3
804 124 8
739 926 1
646 72 6
188 799 5
275 613 7
561 679 2
812 763 7
691 757 2
370 857 2
331 927 6
475 442 5
177 837 5
863 829 10
43 933 8
518 43 4
94 96 8
771 799 10
660 815 6
495 710 8
407 958 9
131 233 8
891 384 10
290 743 10
381 167 3
994 389 4
55 882 3
601 689 5
233 432 7
149 36 6
175 780 7
568 653 4
354 369 5
186 258 2
60 603 3
633 787 2
860 181 6
332 357 2
454 3 3
619 580 8
347 746 9
765 246 7
160 499 7
366 408 6
943 706 3
529 865 2
309 367 4
721 125 4
825 126 4
16 683 1
558 260 9
979 739 7
954 124 8
915 782 2
103 422 1
383 479 8
165 851 2
291 954 4
757 436 8
561 926 2
32 877 9
447 622 8
311 559 4
591 291 10
68 696 7
156 313 1
100 737 8
878 78 9
267 267 1
938 875 5
688 663 9
766 861 3
684 287 6
777 736 3
13 48 3
360 200 1
763 392 6
629 832 5
424 258 1
20 302 3
497 300 10
619 866 3
744 934 6
308 488 1
823 616 2
309 119 5
770 340 4
975 48 2
477 377 7
528 589 5
795 140 8
149 525 2
867 182 9
173 560 10
18 356 4
270 681 7
961 375 9
885 954 9
668 887 3
927 207 3
260 822 10
762 580 4
99 923 4
646 375 8
533 826 2
861 219 3
261 782 10
786 341 5
424 626 3
751 772 6
343 378 2
991 822 9
437 32 2
616 686 7
882 750 8
564 40 1
407 634 9
285 950 4
216 400 4
741 10 9
359 659 3
938 730 9
379 199 10
13 210 10
701 11 2
546 995 2
429 671 2
456 113 6
496 591 7
734 600 8
849 734 6
589 465 7
582 180 9
699 202 9
251 865 3
104 934 10
936 943 2
513 544 1
493 701 9
882 682 1
886 785 7
280 753 8
890 737 9
228 535 5
816 502 4
147 421 6
360 47 9
902 393 4
283 959 8
718 168 7
301 916 3
984 251 10
856 302 9
665 197 8
756 999 8
920 970 1
86 5 2
179 496 6
13 591 4
365 124 1
470 201 1
145 122 3
578 88 3
118 958 5
590 828 6
126 945 3
278 588 4
271 654 5
759 934 10
301 198 1
152 729 5
112 180 9
548 365 5
577 649 6
764 408 8
197 553 2
1 818 4
618 185 10
915 700 10
818 580 6
678 239 9
121 141 6
220 470 10
604 651 8
499 198 8
966 325 2
692 790 2
847 568 2
902 658 7
159 452 2
103 254 8
669 396 4
850 674 10
427 56 4
182 658 3
355 678 3
118 626 6
901 99 6
132 327 10
951 302 9
706 247 8
745 289 7
15 838 8
10 370 8
807 770 9
142 393 7
442 811 1
121 328 2
301 9 7
80 998 9
596 513 1
408 898 9
936 798 3
146 253 7
896 295 9
305 422 5
420 915 8
148 560 6
512 995 6
782 283 6
549 521 7
364 249 4
24 82 7
855 59 10
844 557 5
832 778 8
456 977 8
686 97 3
859 265 10
382 923 4
226 157 9
388 37 5
106 428 8
397 957 2
467 316 1
277 589 2
419 940 9
301 837 6
120 982 1
490 825 4
806 335 8
896 569 6
150 679 8
433 663 2
925 556 9
174 721 6
758 588 3
320 766 7
32 243 7
32 160 7
793 681 4
231 933 9
977 18 8
361 618 7
205 969 8
25 995 8
300 931 8
589 992 3
998 358 4
893 897 3
480 6 9
763 809 10
935 169 10
856 424 10
324 604 3
768 738 2
276 300 10
504 512 4
795 153 10
318 871 2
484 594 6
144 705 6
898 124 7
594 516 9
34 784 2
342 446 3
664 300 6
176 579 2
370 442 9
421 852 3
277 932 1
275 29 9
423 629 4
177 566 5
638 323 1
23 335 7
628 931 1
871 21 4
894 700 10
753 454 3
554 542 1
173 900 6
930 567 4
496 234 3
87 696 6
735 46 9
82 456 5
266 628 7
610 267 5
935 705 4
170 847 6
261 969 8
805 783 8
767 250 8
483 969 4
822 205 7
293 226 5
662 347 2
655 937 5
647 466 9
168 88 8
174 722 8
212 725 8
24 189 7
616 176 9
908 943 6
367 521 9
960 684 4
595 549 7
232 636 4
953 301 9
13 915 10
927 686 1
809 797 1
122 388 6
360 113 5
51 137 10
649 626 6
766 265 3
68 403 4
258 885 5
503 20 9
388 510 3
944 909 4
381 113 3
39 45 4
262 723 2
371 751 2
678 998 6
716 882 3
939 374 2
785 855 4
50 505 9
85 128 2
232 913 2
995 175 4
371 171 6
563 224 5
863 563 4
768 134 1
740 619 4
92 851 9
928 769 10
920 290 9
262 188 10
845 102 7
425 408 6
584 56 9
616 139 6
619 326 9
271 299 9
988 607 5
239 651 9
161 855 3
800 253 7
958 405 2
734 566 3
67 348 8
780 43 6
101 297 7
590 944 7
668 118 5
921 38 4
603 836 8
944 593 8
584 243 2
648 542 3
480 205 9
250 661 3
835 521 8
473 858 1
568 107 7
926 26 1
50 38 6
750 430 5
602 601 4
796 371 9
589 301 7
200 310 1
232 168 3
996 261 8
725 221 4
768 617 3
855 70 10
675 263 1
93 937 3
502 717 10
172 151 7
27 237 9
740 961 2
588 355 7
942 916 3
326 416 9
5 44 5
56 632 1
0 182 10
281 12 10
498 553 1
302 783 9
912 709 1
24 103 7
145 219 9
349 250 2
603 570 5
913 690 4
605 843 2
72 558 7
290 430 6
357 815 1
415 95 5
426 815 3
288 644 7
4 303 9
674 996 8
162 359 6
172 187 5
696 858 3
328 837 1
486 700 2
385 999 7
81 497 9
565 180 1
536 20 7
773 515 3
443 344 8
75 706 1
468 87 4
582 315 4
52 450 3
945 184 6
142 951 6
776 229 3
979 775 5
719 193 2
535 248 1
331 557 2
709 729 6
700 530 9
268 561 1
755 595 7
581 874 5
126 472 8
456 838 6
339 921 3
943 408 2
797 948 5
605 134 8
80 588 7
353 920 1
10 317 2
604 865 2
869 848 2
893 783 8
655 264 6
733 652 5
678 245 6
262 806 2
119 345 5
423 844 1
687 641 5
801 280 7
791 640 3
779 830 5
442 959 9
554 372 1
367 626 7
318 825 5
31 240 6
343 846 2
404 727 8
699 217 1
923 950 7
905 946 5
524 599 9
368 194 10
250 589 9
530 84 10
99 117 2
621 303 3
735 694 7
561 1 4
815 140 8
519 395 10
37 859 4
907 170 9
736 182 1
572 590 6
374 14 3
952 95 10
713 919 6
163 166 2
65 607 6
474 750 1
520 859 10
299 614 9
396 191 9
721 340 6
385 739 9
527 970 7
458 595 8
75 580 5
964 495 7
59 763 7
181 510 9
236 25 9
906 643 10
944 125 2
575 54 4
43 369 2
234 415 8
544 486 3
842 194 1
91 679 3
83 616 4
117 390 7
878 69 10
384 90 5
534 697 8
204 393 8
686 789 5
564 995 4
755 860 10
40 568 7
519 543 10
472 251 7
307 847 10
720 770 3
296 647 10
762 810 2
711 625 6
585 897 8
421 47 8
691 108 10
504 253 5
598 701 5
611 650 6
532 269 10
365 875 4
169 428 8
904 946 6
346 561 4
408 780 6
814 494 5
165 306 8
1000 136 10
79 117 6
895 510 5
891 752 1
996 349 8
741 195 7
543 998 5
936 442 2
853 214 8
417 987 1
968 225 10
281 676 5
605 287 9
564 920 3
108 995 5
942 61 2
363 820 3
199 933 2
313 539 9
151 391 7
983 856 9
320 460 5
516 301 4
507 277 7
718 798 1
865 335 9
469 314 8
71 316 2
907 758 8
52 206 2
735 191 10
190 47 10
994 795 9
272 586 1
134 947 10
75 646 8
236 743 6
635 846 7
413 687 3
972 999 8
624 227 2
540 439 8
913 411 4
379 296 3
439 239 7
356 728 5
675 419 9
877 384 10
601 946 8
1 649 10
813 194 4
534 204 6
134 907 4
843 529 8
620 606 5
34 547 10
28 689 4
494 157 1
232 390 8
355 471 1
679 72 3
655 782 1
870 867 3
44 143 5
414 740 2
380 85 7
850 238 3
329 19 1
730 243 5
938 617 6
413 586 2
751 289 5
44 129 10
746 696 5
254 656 1
78 720 9
376 382 3
649 150 9
330 828 8
775 417 5
183 370 10
907 141 10
515 221 9
628 558 4
286 831 9
923 146 2
793 866 4
386 292 6
898 553 10
426 703 2
922 55 10
835 23 8
416 713 10
776 763 5
143 756 5
380 328 8
800 699 4
872 19 5
308 182 9
833 611 3
882 808 8
547 375 4
432 351 7
206 844 5
242 608 4
898 761 5
408 431 3
116 827 7
416 367 6
80 625 5
634 906 5
732 149 1
789 162 9
350 320 3
793 104 10
952 619 8
159 472 5
806 440 10
303 433 4
356 833 1
844 911 4
106 271 3
636 950 7
415 855 9
177 27 8
214 219 2
384 617 4
457 288 5
694 633 4
991 515 9
138 373 10
648 482 1
765 223 9
281 421 7
394 831 5
401 472 9
687 499 10
503 444 8
341 878 7
384 510 4
90 888 5
707 683 10
914 354 4
995 255 8
112 573 10
890 936 10
195 107 6
138 443 4
589 641 3
811 265 9
848 274 1
301 674 4
522 213 9
58 603 7
461 237 6
594 45 1
956 132 7
130 473 3
850 75 10
696 637 1
352 138 6
905 918 6
902 804 4
271 35 6
617 553 9
368 676 5
208 736 3
209 466 6
388 814 8
263 287 4
371 557 7
804 530 9
375 566 6
178 279 1
693 153 3
667 432 8
756 412 6
273 567 9
502 200 7
940 195 3
251 413 2
774 847 2
362 327 8
187 326 6
590 821 6
43 198 1
908 234 2
923 578 7
328 503 4
905 956 3
507 989 1
587 66 2
980 619 10
632 777 1
51 81 1
411 277 9
415 919 10
103 850 6
810 159 9
539 213 10
61 678 9
629 173 9
733 709 10
270 551 7
220 135 5
327 539 4
986 299 5
105 324 10
855 344 9
34 237 5
700 789 7
994 922 7
704 383 9
33 974 8
31 673 2
924 200 7
155 766 4
397 999 5
251 944 8
331 358 5
309 308 10
188 909 7
254 298 4
136 907 7
357 51 6
914 474 2
133 151 10
151 219 6
940 33 1
190 870 1
63 994 10
800 590 2
412 582 6
279 124 9
250 397 4
750 572 4
683 751 5
983 235 6
749 126 5
199 538 1
669 236 2
244 618 3
144 988 6
212 887 2
547 233 7
367 158 6
652 711 4
197 734 6
701 728 7
235 280 1
234 645 4
570 320 6
442 2 3
684 576 7
321 99 1
44 63 8
958 278 7
781 714 9
169 941 10
597 572 3
643 613 9
646 500 10
747 221 3
544 447 6
939 1000 5
536 682 8
561 329 9
407 470 5
106 40 1
640 628 6
59 913 6
339 101 5
749 924 8
274 880 4
341 785 6
203 60 5
143 562 8
985 573 2
70 640 8
268 579 6
977 512 7
365 658 5
309 941 7
831 692 6
82 114 4
204 730 7
954 183 1
890 577 1
988 949 10
269 425 8
235 388 1
269 391 10
234 421 9
84 879 1
852 472 4
595 632 4
730 863 2
796 913 3
280 75 10
118 880 5
67 445 10
132 426 6
43 97 1
147 716 9
788 577 4
170 808 7
954 771 8
543 719 2
256 295 5
413 265 2
438 816 3
780 19 9
96 910 1
746 254 3
419 699 1
437 205 9
986 177 10
450 3 8
524 882 4
563 991 5
797 790 8
696 646 2
624 942 2
710 674 8
214 845 7
855 510 2
617 591 5
495 409 10
723 742 5
761 285 5
361 471 4
233 805 2
746 607 2
449 850 4
194 557 5
886 115 3
792 585 1
251 701 6
423 667 1
981 301 1
690 58 2
894 274 10
478 42 4
833 80 3
428 283 8
367 212 5
413 875 2
797 239 8
158 69 2
996 916 2
601 947 6
363 968 6
230 507 2
247 863 3
949 924 2
239 885 3
961 294 8
499 286 6
531 833 5
427 840 5
92 192 9
888 472 4
725 304 8
864 427 10
665 35 8
449 885 7
806 138 6
456 928 8
260 609 4
676 94 3
54 810 7
285 589 4
427 214 4
667 689 4
480 390 10
705 932 10
703 734 5
3 45 4
220 984 2
273 586 3
671 276 9
268 136 10
182 614 6
705 337 3
377 501 10
869 286 10
624 379 5
655 299 9
721 685 9
741 127 6
603 50 10
168 951 5
550 532 1
628 792 5
405 22 10
149 957 1
914 127 4
312 690 2
988 643 4
741 198 3
962 289 7
631 604 5
569 412 3
914 839 6
143 353 10
146 311 8
503 122 10
949 123 4
414 677 3
152 819 2
538 243 8
625 613 4
255 717 9
259 554 10
987 131 6
804 574 5
91 338 8
636 29 3
421 969 8
379 768 7
805 634 1
635 366 3
318 439 8
163 917 5
563 903 5
963 371 8
525 156 6
752 256 2
934 200 7
789 146 7
536 364 4
207 478 9
819 315 9
184 538 1
830 448 10
314 775 6
142 636 10
235 978 5
220 667 2
237 805 6
777 873 2
978 809 10
309 837 3
511 411 3
793 77 2
921 453 4
97 171 9
19 838 10
293 74 10
972 108 2
497 751 3
368 310 4
146 130 5
241 219 2
169 131 1
711 295 9
645 313 3
25 148 2
242 236 9
360 304 6
553 830 8
604 307 9
530 67 1
212 503 6
136 573 8
854 712 7
267 189 3
48 564 3
718 770 2
976 547 1
218 673 6
316 826 10
214 179 4
496 230 5
407 651 2
837 715 10
374 536 7
804 383 3
28 629 3
746 700 4
145 543 3
130 569 6
128 678 4
290 917 1
168 344 6
479 44 5
997 726 7
418 461 9
821 438 7
313 935 7
618 915 1
207 598 7
844 235 2
521 631 2
723 58 1
685 387 4
139 361 5
245 302 1
875 445 7
686 394 5
953 614 7
875 912 7
707 731 8
387 763 2
514 568 8
766 176 10
194 485 5
732 884 2
439 8 2
512 751 8
466 463 6
578 150 5
542 277 7
836 485 1
393 452 9
538 219 1
436 38 8
510 652 6
605 931 1
505 240 9
840 103 10
926 733 6
931 558 9
853 247 2
710 432 6
79 868 6
648 348 7
998 412 8
821 257 1
112 562 7
710 593 9
900 790 2
0 339 10
365 272 3
906 583 10
935 339 2
939 168 8
299 348 6
962 705 4
634 183 5
77 14 8
865 216 10
304 864 8
941 375 9
877 853 2
483 588 3
949 4 7
6 948 8
805 551 5
67 788 1
282 145 7
159 7 7
248 319 6
61 525 4
180 512 3
947 906 1
218 716 2
360 395 3
916 843 10
906 459 5
20 313 6
669 128 10
377 908 4
798 399 2
910 439 2
384 619 2
563 184 3
150 519 7
176 381 7
659 394 6
779 844 4
499 189 4
14 176 5
535 788 3
247 345 6
784 554 10
261 704 5
146 155 10
543 688 9
69 224 4
122 210 2
684 938 5
996 272 1
482 654 5
551 505 7
231 910 7
594 981 10
65 815 2
924 164 10
293 997 1
354 737 4
779 669 6
954 903 3
381 601 2
904 311 9
163 770 8
637 403 2
865 792 9
552 703 10
276 578 7
838 221 4
620 549 5
418 880 3
932 160 1
560 151 3
892 119 2
772 916 1
193 235 4
458 322 2
907 845 6
953 197 3
759 667 8
416 209 1
469 965 6
810 680 8
48 408 7
642 586 3
1000 836 3
933 643 1
857 166 8
849 149 8
445 560 2
995 451 8
496 281 10
314 970 2
948 489 9
859 796 9
804 662 3
793 802 7
964 544 2
94 291 6
554 352 6
3 734 3
612 890 10
583 69 5
925 132 9
687 827 3
427 480 5
223 318 4
458 1000 5
942 155 2
23 907 10
741 654 8
241 113 2
142 287 9
751 23 3
269 159 1
868 402 1
878 28 1
392 489 9
514 343 10
317 903 5
360 534 3
108 639 3
965 465 6
835 985 2
288 421 8
883 907 9
567 361 9
360 697 7
486 134 10
820 95 10
393 135 6
307 999 5
994 990 6
195 705 3
838 628 3
897 584 8
54 120 7
470 661 5
625 626 2
197 104 5
977 729 3
478 131 8
505 106 6
956 993 6
22 413 9
684 667 3
595 538 3
708 964 10
745 944 3
251 442 5
731 643 10
739 262 3
232 749 4
34 945 9
866 681 7
311 965 5
647 745 6
199 533 7
517 602 2
442 281 4
39 738 7
385 444 2
518 215 8
30 470 1
637 852 1
74 615 3
95 892 5
897 791 3
547 305 2
515 563 7
52 590 3
642 957 6
588 646 7
931 408 3
974 966 5
872 216 7
293 889 3
393 933 4
62 908 10
804 277 4
795 233 8
491 165 10
628 228 9
494 643 5
610 629 4
232 608 4
904 676 8
468 434 3
291 909 6
752 837 9
522 688 8
951 126 10
730 592 10
749 677 2
150 306 7
127 806 5
448 768 10
524 293 6
106 723 6
81 576 9
382 134 6
872 347 7
763 395 8
43 95 4
548 864 8
104 524 9
145 486 1
36 921 8
94 292 4
961 400 8
961 377 2
518 220 2
765 527 1
930 896 5
481 350 1
303 298 6
288 981 4
888 779 7
568 678 9
780 854 8
452 790 1
309 614 5
758 505 6
785 519 3
629 508 8
274 970 1
668 757 2
439 428 3
383 747 7
939 284 5
649 279 9
13 58 1
258 85 3
185 190 6
332 331 9
740 804 9
420 341 10
243 611 10
819 312 2
633 99 4
7 304 3
869 923 7
367 111 1
400 162 5
746 57 3
607 814 7
313 240 6
69 762 9
777 220 1
32 20 2
402 448 9
508 954 8
465 42 8
669 871 8
433 599 4
540 846 7
762 402 7
284 49 5
576 95 6
526 19 5
441 131 4
599 274 8
434 827 10
871 428 5
521 523 8
373 740 9
636 997 10
221 786 6
90 25 8
121 152 1
860 534 8
304 818 5
163 139 5
981 60 10
706 805 10
330 386 5
560 168 9
724 111 3
742 81 9
569 404 6
508 634 3
993 800 8
831 239 1
292 59 1
868 671 9
770 359 2
690 783 4
68 531 9
434 399 7
351 225 1
896 819 7
697 333 3
654 211 8
371 449 7
230 627 4
770 996 4
476 582 2
221 116 9
221 349 2
492 18 6
915 761 1
729 129 4
936 397 2
977 220 7
273 874 10
214 412 5
781 632 5
537 837 4
738 41
164 239


